125.330000 4.400000 0.0321266
294.260000 9.190000 0.868934
143.570000 17.270000 0.012197
99.680000 21.590000 -0.145714
156.350000 22.570000 0.626203
249.870000 23.600000 -0.0113567
58.310000 27.730000 -0.0460793
106.560000 38.530000 -0.42655
11.370000 39.260000 0.0146181
255.210000 40.090000 -0.295596
81.690000 40.660000 -0.13527
210.800000 48.990000 0.170534
239.290000 54.620000 -0.0881301
32.380000 56.050000 0.44236
10.880000 57.460000 0.3527
117.720000 66.360000 0.612946
130.960000 76.060000 0.190081
227.700000 78.440000 -0.549796
343.880000 82.870000 -0.160543
253.030000 85.380000 0.663404
304.870000 85.670000 0.559376
18.210000 89.660000 0.0682043
122.340000 98.660000 -0.178556
31.820000 106.410000 -0.463197
74.520000 107.990000 -0.271663
196.030000 111.190000 -0.16317
111.800000 111.440000 -0.0871339
65.200000 113.840000 0.0276267
228.810000 116.340000 0.278967
135.620000 119.080000 -0.533441
93.310000 120.230000 0.0185427
36.370000 122.270000 0.0572586
11.290000 124.840000 -0.575574
254.080000 130.320000 -0.326401
229.620000 132.870000 -0.774699
20.600000 133.810000 0.769301
160.990000 135.390000 -0.354496
104.100000 137.160000 0.157414
266.050000 138.630000 -0.00268043
242.350000 140.820000 0.182081
189.860000 141.490000 0.118129
211.390000 141.530000 0.335121
90.650000 143.190000 -0.0144017
157.680000 144.560000 0.417813
119.960000 147.400000 0.101354
42.680000 149.340000 0.0360327
132.770000 155.300000 0.645523
21.240000 155.940000 0.0109719
258.930000 158.710000 0.0927337
329.630000 160.010000 0.360424
62.420000 163.980000 0.0193814
80.770000 164.630000 -0.0136799
210.580000 165.690000 0.0265104
235.030000 167.370000 0.231879
350.810000 167.420000 -0.131518
38.060000 176.260000 -0.111525
213.150000 177.140000 -0.204699
194.250000 178.170000 -0.278351
19.480000 180.750000 -0.0732654
137.610000 181.640000 0.363306
249.240000 184.430000 -0.624994
227.010000 191.120000 0.188847
9.530000 195.940000 0.55543
205.700000 196.460000 -0.0589449
51.570000 197.120000 -0.156236
287.370000 197.880000 -0.052558
101.650000 200.860000 -0.129257
264.440000 208.590000 0.249469
120.650000 209.900000 0.0359984
95.850000 221.150000 -0.106931
332.510000 221.830000 -0.0826659
186.850000 222.310000 -0.296856
112.260000 225.140000 -0.062836
8.240000 239.260000 0.082005
63.750000 240.350000 -0.0464309
370.100000 244.370000 -0.182907
327.440000 247.470000 0.369229
130.040000 247.990000 -0.237891
288.840000 253.140000 -0.0850106
217.920000 258.230000 -0.494871
110.600000 264.300000 -0.0159967
193.380000 268.760000 -0.384961
294.280000 272.510000 -0.0372891
71.460000 274.780000 -0.14513
157.980000 275.360000 -0.00178786
234.170000 276.820000 0.459389
316.420000 277.430000 -0.562301
270.680000 278.540000 0.139268
25.520000 281.530000 -0.0497524
334.860000 282.420000 0.742483
253.390000 284.520000 -0.445329
113.780000 285.670000 0.29065
62.120000 287.800000 0.225501
271.350000 289.280000 0.156471
122.980000 290.070000 0.0359219
196.370000 290.610000 0.125379
136.060000 301.450000 0.0954413
144.740000 305.070000 -0.378513
285.000000 305.550000 -0.197733
76.270000 310.780000 0.100423
64.960000 313.990000 0.128329
381.720000 318.910000 0.283119
344.370000 322.250000 0.012459
268.140000 326.310000 -0.0287406
110.650000 326.620000 0.135499
17.760000 327.540000 0.0417214
212.310000 328.330000 0.40966
181.830000 336.210000 -0.24864
48.500000 341.530000 0.196247
158.870000 341.860000 -0.0628786
123.460000 343.140000 0.0951267
72.580000 344.280000 0.359063
239.230000 349.300000 0.615236
135.900000 357.940000 -0.426511
397.610000 358.610000 0.733961
420.130000 360.140000 -0.637389
175.680000 366.340000 0.157019
105.790000 375.550000 0.0631167
189.320000 375.340000 -0.607377
165.050000 382.050000 0.903934
127.590000 385.180000 0.0509431
35.340000 386.230000 -0.024912
114.640000 388.870000 -0.221177
368.150000 389.830000 0.312564
394.150000 390.520000 0.374334
146.950000 396.550000 -0.255924
162.790000 398.240000 0.331319
112.410000 402.970000 -0.391569
127.570000 403.960000 -0.0772507
20.110000 404.050000 0.0102474
381.320000 405.540000 0.678944
177.110000 406.470000 0.231646
431.820000 416.160000 -0.484526
327.100000 416.480000 -0.0211426
172.970000 417.470000 0.096746
141.760000 420.690000 -0.15238
121.340000 421.730000 -0.0122951
212.860000 421.820000 -0.287376
69.490000 422.100000 -0.0359366
160.890000 422.110000 0.156033
293.030000 424.150000 -0.136563
309.320000 428.010000 0.0676629
108.580000 428.520000 -0.0281429
267.510000 429.140000 0.429633
242.740000 430.070000 0.144911
256.880000 432.190000 -0.378263
387.290000 433.360000 0.0928753
300.360000 439.300000 0.43396
229.890000 439.890000 -0.25724
327.310000 441.880000 0.0220901
