99.240000 1.270000 0.576481
180.430000 5.230000 0.397417
123.220000 8.500000 0.467969
297.660000 14.830000 2.68491
157.400000 23.410000 0.774827
249.410000 27.080000 0.684344
257.510000 37.810000 -0.23572
10.610000 37.960000 0.605856
104.810000 38.080000 0.61003
214.390000 40.750000 -0.0152047
82.990000 41.620000 0.755179
61.220000 42.580000 1.00679
6.670000 51.350000 0.390459
29.070000 52.520000 0.507754
241.800000 55.260000 0.0574537
12.800000 57.390000 0.557983
118.130000 62.400000 0.688156
227.630000 65.040000 -0.945539
133.210000 76.250000 -0.247071
346.310000 82.350000 -0.0431791
253.600000 83.840000 1.48186
19.200000 85.250000 0.660566
303.470000 87.830000 0.508254
122.440000 101.640000 -0.316083
31.870000 102.400000 -0.529701
434.970000 104.890000 1.13774
227.130000 111.010000 -0.476467
21.040000 112.200000 -1.15124
41.020000 114.080000 0.102017
96.910000 114.330000 0.108358
112.620000 114.210000 -0.0576906
192.040000 115.140000 -0.44451
134.640000 117.880000 -1.29797
74.370000 122.910000 0.0873506
260.370000 125.180000 -0.628977
104.960000 132.560000 -0.31028
162.200000 133.130000 0.0386064
265.430000 137.570000 -0.00666771
225.530000 138.620000 -0.27864
16.630000 139.320000 1.42764
239.930000 143.130000 -0.018069
211.660000 146.020000 0.267574
87.880000 146.760000 -0.163097
45.450000 151.470000 0.100591
27.000000 153.360000 0.66509
117.600000 153.800000 0.1073
333.710000 154.000000 0.603479
191.370000 154.960000 0.177759
134.190000 155.310000 0.542613
254.920000 158.120000 0.303777
74.780000 158.660000 -0.118071
215.010000 162.600000 0.130058
346.400000 163.500000 -0.939567
63.650000 172.380000 -0.322309
242.000000 174.040000 -0.546667
38.660000 177.740000 -0.244113
197.390000 179.000000 -0.501593
26.180000 181.110000 -0.346714
213.740000 181.130000 -0.260137
141.200000 182.440000 0.344804
249.920000 185.610000 -0.763509
8.130000 194.820000 0.67193
232.300000 198.100000 0.622287
289.060000 198.940000 -0.476094
206.960000 199.490000 0.116465
51.260000 202.410000 -0.319057
103.830000 202.650000 -0.330617
266.940000 204.750000 0.291819
201.500000 211.330000 -0.0131873
120.370000 212.970000 0.0828711
178.690000 219.350000 0.0360739
96.750000 226.790000 -0.924113
333.460000 226.990000 -0.519089
312.830000 229.310000 0.560209
258.520000 234.000000 -0.317059
111.770000 235.000000 -0.265911
193.260000 237.310000 -0.277606
8.130000 239.610000 0.248883
152.160000 239.680000 -0.188547
61.770000 241.120000 0.101055
372.000000 242.240000 -0.0141824
130.410000 249.030000 -0.00889943
330.200000 251.000000 -0.523216
290.160000 253.540000 0.22678
219.330000 257.380000 -0.185594
107.230000 267.560000 -0.113561
192.370000 268.060000 -1.08312
295.310000 273.830000 -0.181844
71.730000 276.630000 0.940051
235.730000 277.640000 0.0908621
156.310000 278.260000 0.0387063
271.000000 278.900000 0.33571
31.560000 279.370000 0.185953
317.710000 279.360000 -0.97118
336.420000 282.690000 1.36161
65.440000 282.920000 0.851957
112.330000 284.920000 -0.0994149
250.460000 285.050000 -0.158376
202.440000 290.330000 -0.0111684
271.740000 290.460000 -0.0581296
146.780000 292.960000 0.399101
121.330000 298.420000 -0.232739
287.590000 301.780000 -0.00459214
147.660000 309.810000 -0.843316
80.320000 312.800000 -0.0240783
64.640000 317.380000 -0.201163
383.600000 321.190000 -0.497713
348.260000 322.430000 -0.166364
271.510000 326.120000 -0.295867
20.270000 327.190000 -0.13818
109.650000 327.620000 -0.335646
217.410000 329.220000 0.0731909
46.100000 330.740000 -0.0115197
158.940000 337.360000 0.075402
172.630000 338.500000 -0.391937
124.510000 344.820000 -0.0917831
66.390000 345.510000 -0.358656
238.220000 350.220000 1.1112
354.170000 354.530000 -0.43667
398.700000 358.910000 1.05522
135.890000 360.000000 0.837999
425.650000 361.560000 -0.355564
8.430000 365.560000 -0.0602096
103.420000 379.280000 -0.157643
188.450000 380.080000 -0.933691
30.950000 386.240000 0.018194
162.040000 389.440000 1.17651
126.600000 389.960000 -0.366223
368.940000 393.330000 0.218041
398.250000 394.880000 0.987083
114.250000 396.110000 0.149776
148.410000 396.850000 -0.325144
100.820000 403.440000 -0.280349
381.570000 404.280000 0.64033
179.870000 404.930000 0.387671
21.230000 406.440000 -0.303547
133.340000 410.870000 -0.139984
116.580000 413.410000 0.0473446
329.430000 417.340000 0.263016
429.810000 417.450000 0.200256
165.430000 418.710000 1.5875
301.580000 419.140000 -0.549233
213.960000 422.200000 0.32177
67.060000 424.030000 0.0270624
291.640000 425.940000 1.03413
141.830000 427.760000 0.0925004
250.860000 428.500000 -0.527099
107.850000 429.280000 0.163319
383.840000 433.100000 0.384569
23.370000 436.080000 0.273919
266.120000 436.840000 0.940529
314.260000 438.980000 0.308031
36.390000 440.320000 0.220404
229.290000 440.810000 0.720919
328.520000 442.210000 0.0140177
