177.430000 2.100000 -0.545954
124.130000 4.080000 -0.501079
297.850000 10.950000 1.44693
142.670000 16.170000 0.0818037
101.330000 19.000000 0.170819
156.370000 22.280000 0.68257
250.080000 24.440000 -0.35165
55.920000 25.950000 0.442366
11.320000 38.250000 -0.344589
105.820000 38.210000 -0.174481
255.140000 39.920000 -0.285697
80.680000 40.320000 0.249681
209.510000 50.500000 0.0651427
32.890000 55.740000 0.436603
239.230000 56.130000 -0.055122
10.860000 58.640000 -0.0801861
117.020000 64.910000 0.81253
130.100000 73.730000 0.29202
227.310000 79.250000 -0.591081
344.110000 83.010000 -0.216754
304.470000 83.510000 1.025
253.840000 85.790000 0.995403
20.130000 89.670000 0.114586
123.310000 97.920000 -0.485581
32.700000 103.650000 0.354041
195.550000 108.590000 -0.332303
114.010000 108.990000 -0.0778989
17.130000 109.180000 -0.128627
226.900000 111.480000 -0.012522
67.500000 112.570000 0.0403597
78.710000 113.010000 0.473993
92.980000 119.500000 -0.078012
135.830000 119.450000 -0.605414
35.210000 121.960000 0.157147
253.870000 132.090000 -0.480466
162.460000 133.540000 -0.31683
226.840000 135.430000 -0.479163
267.950000 136.090000 0.197197
239.830000 137.260000 -0.105033
106.640000 139.280000 -0.502893
188.840000 140.720000 0.319086
211.140000 142.010000 0.461317
90.480000 143.350000 -0.049652
157.550000 144.870000 0.741544
119.700000 146.830000 0.204751
43.110000 148.710000 0.127947
22.130000 154.090000 0.405756
134.180000 154.310000 0.834867
79.630000 158.630000 -0.0404784
330.260000 159.690000 0.321644
261.070000 160.180000 0.0702513
222.800000 160.780000 0.132253
63.310000 166.330000 -0.010095
233.030000 166.200000 0.175026
351.190000 166.480000 0.0739083
38.230000 177.520000 -0.0564326
213.450000 177.880000 -0.548416
194.350000 178.230000 -0.440283
21.040000 179.340000 -0.125084
138.680000 182.040000 0.383273
249.130000 184.410000 -0.609741
227.260000 191.810000 0.374714
205.980000 196.600000 0.0236011
287.300000 197.720000 -0.589696
51.740000 198.340000 -0.186926
13.360000 199.410000 0.58807
101.490000 200.320000 -0.135816
264.170000 205.780000 0.473709
119.810000 209.990000 -0.0372673
201.280000 210.290000 -0.212883
177.620000 219.080000 0.151444
332.260000 221.540000 0.00153557
96.580000 221.870000 -0.189029
186.850000 221.690000 0.22519
254.960000 224.170000 -0.134528
111.790000 225.610000 -0.134327
7.410000 239.070000 0.00383286
62.480000 240.900000 -0.223316
149.900000 240.980000 -0.0743726
369.610000 244.430000 -0.18306
327.350000 246.500000 0.464706
129.690000 248.010000 -0.160041
288.700000 253.220000 -0.0335169
218.420000 258.240000 -0.629917
107.320000 267.530000 -0.134575
196.270000 269.290000 -0.385089
294.220000 272.750000 -0.0346266
71.770000 275.060000 1.1745
158.050000 275.680000 0.000505
233.840000 275.760000 0.514334
315.970000 276.290000 -0.846723
270.460000 278.450000 0.076379
25.140000 280.950000 0.022026
335.010000 282.130000 0.607363
112.030000 284.910000 -0.189246
252.850000 285.900000 0.218239
271.070000 289.270000 0.116563
123.710000 289.650000 -0.16235
61.560000 290.010000 0.117993
192.010000 291.430000 0.000307714
141.540000 293.290000 0.148354
284.660000 305.930000 -0.344676
144.450000 307.090000 -0.612027
76.490000 310.910000 -0.0196916
64.690000 314.370000 0.136185
381.660000 318.920000 0.284877
345.200000 321.660000 0.0457849
110.950000 325.920000 -0.0837363
268.140000 325.940000 -0.04379
18.440000 327.100000 -0.00263471
212.060000 327.770000 0.279797
159.060000 341.020000 0.180103
123.660000 342.660000 -0.151357
70.720000 343.250000 -0.054476
48.770000 343.730000 0.0566949
172.960000 345.530000 -0.298856
238.110000 350.420000 0.381974
135.510000 358.250000 -0.0403153
397.660000 358.430000 0.655276
421.860000 358.330000 -0.817396
186.700000 374.670000 -0.806924
104.690000 375.470000 -0.207897
164.750000 382.210000 1.23039
124.460000 385.880000 -0.175287
393.760000 390.480000 0.531526
364.250000 390.700000 0.361291
146.920000 396.450000 -0.323301
164.780000 397.620000 0.797414
38.440000 397.690000 -0.0714373
114.530000 402.680000 0.331531
129.160000 403.930000 -0.0167956
19.870000 404.230000 0.027062
381.190000 405.790000 0.764764
178.070000 406.390000 0.220187
140.750000 416.230000 -0.0405849
431.400000 416.360000 -0.208661
327.070000 416.550000 -0.0102456
172.850000 418.540000 0.0418587
120.490000 418.910000 0.14985
160.930000 421.390000 -0.00406657
212.780000 421.670000 -0.0971559
295.210000 421.960000 -0.00592386
69.420000 424.070000 0.208341
312.950000 425.380000 0.215987
267.260000 428.450000 0.285203
241.870000 430.870000 -0.0196911
106.520000 431.410000 0.180879
256.130000 431.260000 -0.207889
387.470000 433.600000 0.182609
229.890000 439.190000 0.294111
307.070000 440.090000 0.456027
