177.790000 2.600000 -0.435323
123.860000 4.410000 -0.244086
295.820000 9.900000 1.58587
102.390000 18.430000 -0.0308424
142.290000 18.230000 0.447847
156.250000 22.220000 0.671013
248.720000 24.390000 -0.139256
57.100000 26.420000 0.268857
11.850000 38.920000 -0.283767
105.930000 38.940000 -0.142744
255.220000 39.900000 -0.361764
79.390000 41.400000 0.226857
209.730000 51.650000 -0.0830851
32.140000 55.410000 0.380737
239.280000 55.930000 0.0184701
11.160000 58.340000 0.669736
115.790000 65.000000 0.71223
129.610000 73.500000 0.187477
226.440000 80.200000 -0.56421
344.190000 83.290000 0.141239
304.320000 83.480000 1.10683
253.970000 86.030000 1.12968
16.010000 89.520000 0.0248766
123.480000 98.450000 -0.450496
29.580000 100.800000 -0.156334
194.910000 109.000000 -0.263401
65.630000 109.530000 -0.367596
224.520000 110.050000 -0.121739
79.010000 110.210000 0.241924
115.040000 110.220000 -0.0400923
22.440000 116.110000 0.336516
92.090000 119.700000 -0.0653397
135.810000 119.350000 -0.593304
259.760000 120.630000 -0.606431
35.080000 120.990000 0.200141
268.330000 131.370000 -0.00208243
162.600000 133.460000 -0.441237
226.180000 136.730000 -0.269513
238.810000 136.810000 -0.128696
106.600000 140.820000 -0.128735
189.680000 141.640000 0.302079
211.610000 142.820000 0.443546
90.150000 143.260000 -0.0368641
158.000000 144.030000 0.0362039
119.640000 147.350000 0.20204
43.020000 149.210000 0.150957
134.360000 153.570000 0.723374
22.770000 154.270000 0.288687
223.600000 156.240000 0.0571874
78.710000 157.540000 -0.0522726
330.130000 159.180000 0.46991
261.090000 160.050000 0.25746
233.740000 165.950000 -0.102868
351.170000 166.310000 0.282837
63.770000 167.960000 0.0464161
38.880000 178.340000 -0.0526356
194.090000 178.370000 -0.519787
213.270000 178.450000 -0.549649
22.680000 178.600000 -0.153261
138.760000 181.950000 0.323047
249.360000 184.580000 -0.580114
228.050000 192.630000 0.592636
206.600000 196.880000 0.0818737
14.310000 197.660000 0.592906
287.370000 197.670000 -0.690213
52.210000 198.460000 -0.147261
101.480000 200.430000 -0.071355
264.420000 204.430000 0.428651
119.640000 210.080000 -0.0154953
201.550000 210.400000 -0.161384
177.420000 219.270000 0.103876
332.380000 221.360000 0.152454
96.800000 222.530000 -0.177684
186.970000 222.380000 0.355763
255.160000 224.390000 -0.300743
111.790000 225.780000 -0.161151
7.890000 239.200000 -0.00250743
62.130000 240.690000 -0.340247
149.520000 242.370000 -0.047449
370.300000 244.220000 -0.376554
327.590000 246.360000 0.499339
130.130000 248.090000 -0.194501
288.570000 253.490000 -0.150051
218.330000 258.130000 -0.58559
106.060000 268.960000 -0.0734536
294.230000 272.860000 -0.039241
197.980000 273.350000 -0.488074
72.000000 275.210000 0.112923
158.230000 275.800000 0.00368986
233.950000 276.280000 0.422071
316.300000 276.090000 -0.956647
270.580000 278.500000 0.0762871
25.270000 280.680000 0.0181571
335.260000 282.350000 0.497757
112.270000 284.180000 -0.382406
252.830000 286.060000 0.246997
62.110000 289.080000 0.0742597
271.180000 289.360000 0.249041
123.900000 290.210000 -0.139896
138.890000 292.830000 0.0834581
199.420000 293.410000 0.0505771
285.500000 305.080000 -0.162994
144.900000 308.750000 -0.772464
76.180000 310.490000 -0.0700073
65.170000 314.640000 0.11148
381.840000 319.080000 0.193723
345.390000 321.760000 -0.0636594
110.010000 326.150000 0.146724
268.320000 326.000000 -0.27074
18.720000 327.220000 -0.0379491
212.400000 327.580000 0.277833
159.200000 341.110000 0.113871
123.600000 343.030000 -0.0278363
71.510000 343.260000 -0.163144
49.450000 344.650000 -0.0248173
174.370000 345.840000 -0.208139
238.590000 350.550000 0.274976
135.510000 357.940000 0.0621721
397.630000 358.560000 0.826591
421.440000 359.080000 -0.739537
104.140000 376.140000 -0.186283
179.250000 378.540000 -0.721427
164.800000 382.430000 1.14181
125.060000 384.770000 -0.333864
106.510000 390.070000 1.07433
394.010000 390.330000 0.532923
36.950000 390.460000 0.0108911
364.010000 391.190000 0.276979
146.860000 396.390000 -0.180297
163.910000 398.350000 0.599614
129.530000 403.740000 0.0924074
20.740000 404.320000 0.115065
381.090000 405.990000 0.515099
177.420000 406.660000 0.0542334
327.160000 416.680000 -0.0516509
431.310000 416.570000 -0.157573
117.880000 417.160000 0.113504
142.740000 418.590000 0.0340594
172.670000 419.070000 0.397304
161.000000 421.470000 -0.0293929
297.240000 421.600000 0.0329499
213.050000 421.920000 -0.178164
314.940000 423.080000 0.319046
70.160000 424.230000 0.111476
267.680000 428.530000 0.239537
241.530000 431.200000 -0.537743
256.460000 431.690000 -0.129638
105.750000 431.930000 0.127701
388.000000 434.090000 0.144231
230.500000 438.900000 0.0204184
308.250000 440.070000 1.18369
326.160000 441.230000 0.48143
