261.270000 1.850000 0.722416
61.120000 2.020000 0.886154
100.030000 5.590000 1.66493
179.160000 6.450000 -0.00566957
123.040000 9.180000 0.8661
304.900000 17.030000 3.20711
156.550000 23.890000 0.517119
250.470000 28.000000 -0.18844
145.580000 34.900000 0.542237
256.990000 39.060000 -0.384943
13.030000 39.280000 0.283994
213.390000 41.970000 -0.402957
82.130000 43.870000 0.758177
107.770000 44.890000 0.330669
61.730000 45.740000 0.499154
23.670000 50.690000 0.140778
2.530000 52.220000 0.382699
243.020000 53.420000 -0.0301577
13.880000 60.830000 0.102054
228.490000 64.380000 -0.851451
119.050000 69.430000 0.691803
315.120000 73.940000 1.67041
137.960000 76.000000 -0.497423
343.550000 85.350000 0.0503583
21.840000 86.810000 -0.27177
252.660000 87.450000 0.824854
129.710000 104.790000 -0.450131
438.360000 108.040000 0.524011
221.870000 108.880000 -0.294516
89.570000 111.910000 0.376321
23.920000 112.230000 -0.790697
41.310000 112.950000 -0.0589451
114.930000 117.000000 -0.492074
194.000000 121.760000 -0.189577
80.050000 122.580000 0.251974
25.120000 127.010000 0.0445127
139.630000 127.130000 -1.04377
103.330000 129.810000 0.093633
161.500000 132.360000 -0.494676
245.590000 135.980000 -0.801171
258.510000 138.760000 -0.139483
17.860000 139.230000 1.10707
224.790000 139.550000 -0.112735
158.720000 149.070000 0.459554
87.840000 150.050000 0.0418406
208.210000 150.320000 0.636881
244.350000 152.200000 0.286717
28.630000 153.350000 0.50421
353.930000 156.250000 -0.0102427
191.020000 157.300000 -0.236473
76.670000 157.820000 0.0382494
331.930000 157.820000 0.131133
112.430000 157.870000 0.111002
40.990000 160.570000 0.112345
257.150000 162.000000 0.486594
215.980000 163.140000 0.1749
126.560000 165.280000 0.180353
248.490000 175.220000 -1.0567
213.100000 177.960000 -0.394133
25.570000 179.620000 -0.421481
196.040000 179.730000 -0.731871
36.400000 182.850000 0.0519527
139.360000 183.670000 0.155261
68.710000 185.810000 -0.368839
250.170000 188.480000 -0.919797
7.990000 196.080000 1.02034
226.340000 196.530000 0.700917
210.490000 197.610000 0.182276
289.090000 199.150000 -0.945281
103.360000 206.020000 -0.226669
267.090000 206.210000 0.863987
52.790000 208.500000 0.266457
200.690000 210.520000 0.0584141
120.590000 214.100000 0.325786
179.760000 220.850000 0.281099
96.160000 226.800000 -1.0099
334.310000 227.240000 0.32674
362.630000 231.150000 0.789863
313.480000 232.980000 0.509654
259.620000 234.980000 0.370749
113.500000 236.480000 -0.139168
7.320000 238.270000 0.751851
193.220000 238.370000 -0.0310863
60.690000 239.890000 0.511753
147.300000 243.380000 -0.0379436
131.150000 247.210000 -0.0985877
329.040000 251.300000 -0.553526
288.350000 254.640000 -0.308943
200.550000 259.970000 -0.339269
216.770000 259.830000 -0.188571
202.490000 266.420000 -0.191843
189.490000 269.030000 -0.823021
108.620000 269.160000 -0.013042
294.860000 275.480000 -0.404277
35.740000 276.680000 0.276563
156.560000 276.950000 0.0276161
73.360000 277.190000 0.121108
271.180000 279.570000 0.268817
236.200000 280.310000 0.312607
337.170000 283.820000 1.25806
64.220000 285.160000 0.132705
248.270000 285.280000 -0.359284
318.080000 285.390000 -0.809364
113.990000 286.030000 -0.00778643
201.360000 290.130000 -0.217734
272.120000 291.850000 -0.0238036
136.390000 297.410000 -0.222489
147.270000 299.700000 0.288459
121.190000 307.970000 -0.364863
286.020000 308.440000 -0.0940517
146.410000 309.010000 -0.843013
78.680000 313.400000 -0.101626
381.930000 321.040000 -0.084157
64.330000 321.410000 -0.141431
347.200000 322.460000 -0.057555
272.440000 327.180000 -0.654289
19.820000 327.870000 -0.00682129
108.290000 328.330000 -0.383901
215.290000 332.090000 0.477439
48.490000 336.920000 -0.254599
160.710000 336.920000 -0.0467916
172.510000 342.570000 -0.565379
63.080000 345.710000 -0.451364
124.720000 349.530000 0.124566
241.400000 350.150000 0.279656
354.380000 355.410000 -0.448661
186.080000 356.300000 0.018624
398.820000 359.130000 0.513306
425.750000 359.640000 -0.364154
13.090000 362.010000 -0.0710341
133.920000 362.320000 1.06044
102.950000 375.250000 -0.0519384
183.110000 378.550000 -0.671803
33.190000 386.070000 -0.290237
163.140000 387.450000 0.328446
400.480000 388.450000 0.384531
113.620000 389.300000 0.195389
368.570000 395.520000 0.269569
149.050000 398.150000 -0.506496
189.170000 405.230000 0.263563
159.540000 406.700000 0.218183
379.270000 408.320000 0.628321
22.140000 408.770000 -0.00619957
118.300000 412.960000 0.236591
172.550000 413.170000 1.99879
160.960000 416.370000 1.40948
136.010000 416.640000 0.0531289
428.730000 417.260000 1.10658
331.610000 421.990000 0.283524
214.330000 423.110000 0.109217
290.250000 423.760000 1.37348
301.160000 425.690000 0.287616
67.710000 427.040000 0.14451
316.040000 427.110000 0.436693
107.150000 428.790000 0.295631
142.570000 429.460000 0.60097
239.670000 431.770000 -0.349574
388.000000 434.350000 0.660064
97.600000 434.610000 0.173603
38.050000 435.890000 0.227267
229.230000 439.690000 0.25625
327.430000 441.680000 0.33457
266.810000 442.110000 0.503009
27.670000 442.720000 -0.0493713
