125.380000 3.980000 -0.00302471
295.170000 9.670000 0.684601
143.540000 18.020000 0.0470216
99.210000 22.290000 -0.278337
156.240000 22.370000 0.613361
249.280000 23.360000 0.0207334
57.590000 27.330000 0.20903
106.800000 38.890000 -0.421556
11.390000 39.120000 -0.0893241
255.220000 39.920000 -0.226029
82.210000 41.320000 0.00688114
211.030000 48.700000 0.056342
239.960000 53.310000 -0.0799221
33.510000 55.950000 0.504017
10.800000 59.310000 0.271566
117.620000 68.600000 0.474643
131.370000 76.820000 0.0185916
227.850000 78.530000 -0.581751
344.140000 83.080000 -0.231011
253.210000 85.780000 0.50866
305.080000 85.860000 0.456354
18.270000 89.450000 0.0328279
122.720000 98.760000 -0.268403
437.810000 99.800000 0.59215
29.210000 107.320000 0.064011
74.240000 107.810000 0.0864197
196.390000 110.920000 -0.0369489
113.720000 112.320000 -0.0902903
65.930000 113.890000 0.0558994
228.990000 116.360000 0.234153
92.810000 118.660000 -0.0239954
135.770000 118.980000 -0.434226
36.360000 123.280000 0.038298
11.450000 124.790000 -0.199883
257.590000 126.190000 -0.290417
22.530000 131.000000 -0.271677
230.150000 132.810000 -0.753517
160.540000 134.280000 -0.277829
268.250000 135.550000 0.11812
103.870000 139.620000 0.0232037
241.950000 141.070000 0.25256
210.770000 141.180000 0.155767
190.250000 142.410000 -0.0354586
89.910000 143.570000 -0.0830867
157.790000 144.690000 0.571637
119.800000 146.970000 0.0738661
42.070000 149.220000 0.0619606
133.050000 154.730000 0.536296
20.630000 156.410000 0.442624
258.930000 158.520000 -0.0115189
329.790000 160.150000 0.41361
212.970000 164.150000 -0.215256
81.160000 165.070000 0.00263386
234.900000 167.560000 0.788489
351.190000 167.720000 -0.18713
64.940000 173.320000 0.000999429
37.390000 175.610000 -0.176411
213.280000 177.200000 0.302041
194.070000 177.700000 -0.2853
19.190000 180.870000 -0.110142
137.670000 181.660000 0.27061
249.160000 183.490000 -0.580841
227.310000 190.720000 0.144179
6.380000 195.680000 0.59873
205.550000 196.210000 -0.0312644
51.310000 196.870000 -0.202551
287.410000 197.810000 -0.243936
101.750000 201.450000 -0.131375
264.420000 209.040000 0.26791
120.860000 209.870000 0.0525884
95.860000 221.250000 -0.0555646
332.590000 221.840000 -0.0292599
186.940000 222.400000 0.400183
112.330000 225.190000 -0.00771486
8.310000 239.480000 0.100116
64.790000 240.230000 -0.0291464
370.100000 244.280000 -0.251564
129.980000 248.070000 -0.20238
327.440000 248.050000 0.468753
288.850000 253.380000 -0.0873931
217.790000 258.210000 -0.4143
110.300000 263.600000 -0.0299529
192.770000 269.270000 -0.40191
294.280000 272.590000 -0.0185966
71.650000 274.880000 -0.193521
158.050000 275.170000 -0.0255877
233.500000 277.230000 0.51043
316.650000 277.840000 -0.486306
270.680000 278.760000 0.13867
25.420000 281.460000 -0.000468286
334.320000 282.860000 0.671697
253.430000 284.840000 -0.696681
62.410000 285.480000 0.158461
199.010000 289.050000 0.165989
122.810000 289.140000 0.0575069
271.320000 289.490000 0.108701
135.980000 302.010000 -0.018483
145.370000 304.080000 -0.260819
283.530000 305.710000 -0.0511129
76.090000 310.920000 0.0903594
65.180000 313.860000 0.105177
381.760000 319.090000 0.0752706
344.460000 322.680000 -0.231124
110.210000 326.160000 -0.0277821
268.120000 326.550000 -0.027346
17.630000 327.650000 0.0832981
212.170000 328.610000 0.344627
180.500000 334.220000 -0.278909
48.560000 341.480000 0.16592
158.890000 341.940000 0.2335
123.100000 343.410000 0.0952503
72.780000 344.610000 0.39084
239.060000 349.740000 0.59744
135.690000 357.240000 -0.46422
397.620000 358.800000 0.758281
421.650000 360.210000 -0.54191
174.640000 366.030000 0.0871469
190.670000 374.950000 -0.621254
105.800000 376.260000 0.018397
164.960000 381.900000 0.769263
124.570000 385.420000 0.484846
34.600000 386.070000 0.072967
367.940000 389.900000 0.191194
394.270000 390.540000 0.540264
113.160000 391.050000 -0.425319
146.950000 396.760000 -0.190687
162.210000 398.720000 0.255467
113.660000 403.180000 -0.40174
20.090000 403.720000 0.192789
128.960000 404.400000 -0.0862599
381.400000 405.660000 0.719761
176.710000 407.010000 0.180776
327.150000 416.470000 -0.125424
431.870000 416.600000 -0.134962
121.100000 421.910000 -0.00823643
212.800000 421.920000 -0.41034
161.070000 422.400000 0.27847
68.900000 422.810000 0.0700721
294.550000 423.160000 -0.0266133
142.390000 425.630000 -0.102374
242.230000 427.560000 0.0291301
267.620000 429.470000 0.50057
108.950000 430.720000 0.006979
309.060000 430.510000 0.0452899
387.030000 433.430000 0.163904
415.730000 433.670000 -0.216906
302.990000 438.530000 0.316719
229.930000 440.200000 -0.48992
327.600000 441.380000 -0.112725
