65.090000 2.550000 0.599653
179.970000 7.270000 0.005257
123.110000 8.390000 0.964581
261.980000 9.130000 1.04185
312.200000 17.010000 3.06011
157.040000 24.670000 0.532171
251.000000 28.050000 -0.0545153
96.300000 31.190000 1.05819
145.460000 31.560000 0.38956
11.760000 40.230000 0.336924
85.180000 40.130000 0.342714
258.180000 40.380000 -0.449937
213.640000 43.630000 -0.263611
108.820000 47.360000 -0.0525969
62.780000 49.730000 -0.107164
242.760000 52.430000 0.131329
22.160000 52.870000 0.546446
13.480000 61.870000 0.440041
227.380000 62.700000 -0.547647
124.980000 69.140000 0.0765959
317.280000 74.190000 1.42187
140.270000 83.650000 -0.473331
20.070000 88.910000 -0.170651
252.340000 90.200000 0.555984
342.100000 91.040000 -0.376251
84.180000 91.650000 0.363389
222.520000 108.980000 -0.184506
129.850000 109.100000 -0.130302
70.820000 111.910000 0.0117373
113.310000 112.050000 -0.509483
23.490000 114.520000 -0.862383
41.750000 116.240000 -0.130282
82.630000 118.080000 0.127709
437.330000 119.570000 0.415966
195.620000 124.310000 -0.187074
140.400000 128.890000 -0.649449
101.920000 130.910000 0.0631677
162.620000 132.760000 -0.31197
18.150000 138.970000 0.923097
253.450000 141.750000 -1.0003
225.550000 141.940000 -0.0677759
266.400000 142.360000 0.269196
159.100000 149.020000 0.421573
208.670000 150.620000 0.423521
84.740000 150.870000 0.021189
351.760000 151.940000 0.148756
28.920000 153.710000 0.427339
240.780000 154.130000 0.356311
332.210000 158.950000 0.177221
110.630000 159.330000 0.126294
191.050000 159.490000 -0.354473
130.990000 160.810000 0.049616
216.910000 161.700000 0.289763
41.700000 162.810000 0.160654
77.620000 164.960000 -0.0121547
258.880000 165.200000 0.577056
211.350000 175.580000 -0.404436
25.140000 178.830000 -0.574086
249.360000 179.410000 -1.08788
66.400000 182.120000 -0.348824
196.560000 182.720000 -0.808214
36.970000 182.910000 0.164284
139.240000 186.400000 0.226394
250.230000 190.270000 -0.715489
208.460000 195.910000 0.142546
224.570000 196.660000 0.634183
8.180000 198.030000 1.14934
289.380000 200.720000 -0.859094
267.420000 206.420000 0.715044
104.460000 207.000000 -0.273353
199.470000 210.010000 0.134363
60.250000 210.940000 0.356996
121.550000 215.970000 0.427223
180.250000 223.630000 0.238464
96.430000 228.200000 -1.34272
334.400000 229.610000 0.290311
313.590000 235.110000 0.575839
111.460000 235.450000 -0.237439
259.520000 235.800000 0.45549
368.320000 236.000000 0.826176
7.490000 237.580000 0.8818
193.200000 238.800000 0.0731657
63.780000 240.400000 0.31722
209.300000 240.540000 -0.200169
145.070000 246.120000 0.0626227
132.090000 248.090000 0.127302
327.880000 252.340000 -0.671357
288.430000 254.750000 -0.140961
202.540000 259.780000 0.00253729
217.440000 259.710000 -0.201533
203.890000 264.450000 -0.082777
108.110000 270.380000 0.00587214
188.960000 271.930000 -0.457669
295.140000 276.320000 -0.37457
156.380000 278.030000 0.0807437
74.460000 278.210000 0.149274
270.260000 279.940000 0.217824
236.800000 281.360000 0.333243
248.460000 284.000000 -0.266926
336.240000 284.730000 1.11732
37.920000 285.550000 0.334987
65.620000 286.180000 0.17155
115.570000 286.560000 -0.00609757
319.170000 287.580000 -0.660189
200.410000 290.050000 -0.024618
272.340000 292.930000 -0.0147589
120.420000 309.150000 -0.281367
140.310000 309.350000 -0.659219
285.930000 309.560000 -0.00273086
79.320000 315.760000 -0.0302299
382.140000 321.780000 -0.330117
64.520000 322.670000 -0.0580691
347.000000 323.740000 -0.119404
272.870000 328.080000 -0.44829
109.250000 328.530000 -0.356186
20.270000 330.440000 0.0336176
216.900000 333.190000 0.314353
52.020000 338.260000 -0.109882
165.410000 340.150000 -0.21438
185.350000 345.480000 -0.16745
62.990000 346.320000 -0.331741
126.190000 348.150000 0.0900091
239.900000 351.710000 0.173883
354.510000 356.200000 -0.197044
425.260000 358.320000 -0.720761
399.010000 359.830000 0.593407
10.040000 363.870000 -0.0195287
134.370000 363.760000 1.04527
102.680000 372.250000 -0.209503
183.720000 374.850000 -0.55361
163.620000 387.640000 0.138019
34.020000 388.130000 -0.28047
396.530000 393.350000 0.0227009
112.440000 394.040000 0.185849
367.210000 396.150000 0.192436
148.630000 398.790000 -0.395159
102.310000 402.330000 0.503847
162.800000 406.110000 -0.220709
22.260000 407.530000 0.0437144
378.500000 409.290000 0.458407
114.740000 410.760000 0.130258
193.270000 413.410000 -0.118336
133.420000 413.970000 0.0295287
175.360000 414.850000 0.991133
160.590000 418.210000 0.498649
429.520000 418.920000 0.75036
304.040000 420.690000 -0.293624
214.510000 423.920000 0.256434
330.970000 426.970000 0.323971
315.020000 428.270000 0.40432
64.590000 429.400000 0.271184
241.500000 429.500000 0.0411871
102.710000 431.140000 0.129957
141.160000 434.400000 0.228244
387.520000 436.460000 0.410596
40.800000 438.510000 0.28682
290.360000 439.460000 1.83383
327.780000 440.390000 0.413526
228.470000 442.040000 0.531666
