99.420000 2.260000 0.395714
178.830000 5.260000 0.523337
122.450000 8.400000 0.255643
298.330000 15.080000 2.26043
156.930000 23.520000 0.65948
249.170000 25.610000 0.688891
257.240000 37.560000 -0.25274
104.470000 38.060000 0.452679
10.450000 38.720000 -0.931457
60.490000 39.760000 0.719597
213.350000 39.860000 -0.170284
82.110000 40.620000 0.567137
29.140000 52.650000 0.416531
7.200000 53.370000 0.37739
242.030000 54.130000 0.0883846
118.190000 60.050000 0.619051
229.490000 73.850000 -0.946123
132.690000 75.920000 -0.231743
253.170000 83.510000 1.58397
345.600000 83.570000 0.205144
18.830000 85.180000 0.920339
302.390000 87.030000 0.50135
32.620000 96.640000 0.391127
123.150000 100.760000 -0.2202
432.800000 104.890000 1.49126
113.050000 109.480000 -0.0293721
21.680000 110.410000 0.100159
227.050000 111.300000 -0.559543
40.710000 112.900000 0.049746
192.800000 113.750000 -0.501467
96.280000 114.770000 0.118815
135.300000 118.400000 -1.38602
73.260000 124.850000 0.06249
162.130000 132.830000 -0.193484
255.470000 133.680000 -0.64958
105.200000 135.430000 -0.316063
20.030000 137.420000 1.39826
224.640000 137.980000 -0.272696
240.070000 142.500000 -0.0274219
265.210000 143.220000 0.201279
159.050000 144.940000 0.399899
88.160000 146.190000 -0.153783
211.720000 146.170000 0.258387
26.700000 153.130000 1.27141
47.090000 153.040000 0.0539601
117.580000 153.560000 0.135618
191.750000 154.160000 0.199947
334.290000 153.940000 0.754661
74.220000 156.830000 -0.144711
133.560000 156.590000 0.681017
254.840000 158.380000 0.36133
213.830000 162.770000 0.0469671
345.250000 163.570000 -0.882017
63.140000 171.770000 -0.35542
241.370000 174.520000 -0.523857
39.020000 177.170000 -0.268006
197.220000 179.530000 -0.466841
213.740000 180.600000 -0.281963
26.340000 181.070000 -0.249166
141.780000 182.390000 0.647474
249.170000 185.470000 -0.756987
6.620000 193.340000 0.561109
231.970000 198.920000 0.587429
288.810000 198.760000 -0.51539
208.070000 199.740000 0.0828856
51.670000 201.390000 -0.450166
103.760000 201.960000 -0.191204
266.860000 204.570000 0.215084
201.990000 210.500000 -0.0566221
120.210000 212.660000 0.138132
178.500000 219.090000 0.0506029
96.990000 225.820000 -0.94699
334.420000 227.400000 -0.59786
312.710000 229.170000 0.586763
258.240000 233.710000 -0.113616
111.420000 234.220000 -0.303826
191.400000 234.510000 -0.298473
6.980000 239.000000 0.224081
151.960000 239.870000 -0.157091
62.890000 240.630000 -0.0483741
370.310000 244.430000 -0.0280079
129.950000 249.200000 -0.0740163
330.010000 250.310000 -0.468013
288.590000 253.660000 0.0514066
219.130000 258.850000 -0.318779
108.230000 266.350000 -0.166606
191.760000 268.340000 -1.05928
295.330000 273.600000 -0.276896
235.350000 277.050000 0.0716937
71.850000 277.620000 -0.227204
156.530000 278.040000 -0.0263057
270.950000 278.640000 0.414626
317.320000 278.990000 -1.11045
28.790000 280.710000 0.12636
336.170000 282.580000 1.46214
65.130000 283.640000 0.788927
111.840000 285.440000 -0.167854
249.710000 287.870000 -0.197066
202.580000 290.350000 0.00555714
271.700000 290.270000 0.051398
146.160000 293.120000 0.485821
120.660000 296.020000 -0.321064
286.590000 302.240000 -0.184363
147.750000 309.570000 -0.81593
80.640000 312.970000 0.00565657
65.020000 317.180000 -0.279571
384.670000 320.180000 -0.501147
347.930000 322.280000 -0.196589
271.390000 326.150000 -0.283384
19.880000 326.880000 -0.165514
108.210000 327.000000 -0.424199
218.340000 328.030000 -0.14516
47.320000 333.050000 0.0641776
159.380000 337.620000 -0.0273364
172.590000 343.780000 -0.518251
124.300000 344.700000 -0.160567
67.710000 345.880000 -0.246279
237.210000 349.910000 1.02885
134.600000 358.490000 0.834864
398.680000 358.750000 1.02781
426.010000 361.270000 -0.413336
184.910000 364.360000 0.376544
5.370000 365.130000 -0.0952846
103.460000 378.230000 -0.102335
187.650000 381.860000 -0.794661
31.570000 385.770000 0.153754
161.530000 389.120000 1.22922
124.400000 390.400000 0.0490053
369.940000 392.340000 0.182896
396.900000 393.270000 0.985969
148.230000 396.750000 -0.288089
114.500000 397.840000 0.184624
100.220000 402.030000 0.511149
179.710000 402.950000 0.541199
382.190000 404.200000 0.690297
20.950000 407.490000 -0.253756
133.240000 410.220000 -0.154354
115.970000 414.030000 0.0138249
429.610000 416.950000 0.387666
166.540000 417.760000 1.33639
328.280000 417.770000 0.328803
213.820000 422.070000 0.33287
67.830000 423.390000 -0.0539117
293.570000 425.490000 0.919817
95.510000 426.740000 -0.128972
141.760000 427.900000 0.0996589
249.060000 428.060000 -0.706794
107.040000 429.610000 0.0395944
384.700000 432.710000 0.480627
21.910000 436.240000 0.363149
265.980000 436.880000 0.717381
229.160000 440.070000 0.393353
35.950000 441.280000 0.133621
293.190000 442.080000 -0.52094
315.980000 442.110000 0.325347
329.630000 442.230000 0.442964
