125.590000 4.190000 0.0255776
295.320000 9.800000 0.615117
143.420000 17.680000 0.0893816
99.100000 22.340000 -0.163219
156.440000 22.370000 0.691537
249.450000 23.440000 0.120006
56.940000 28.230000 0.260894
106.830000 38.920000 -0.493849
12.720000 39.420000 0.293271
255.270000 39.920000 -0.147077
82.690000 41.280000 0.0891727
211.100000 48.610000 -0.0187121
239.980000 52.490000 -0.10055
33.620000 57.580000 0.653104
11.550000 57.850000 -0.432154
118.210000 68.000000 0.316351
131.830000 78.060000 -0.0774877
229.590000 78.070000 -0.608476
305.940000 82.990000 0.493847
344.110000 83.020000 -0.146707
253.620000 86.260000 0.428494
18.580000 89.550000 0.00358757
122.590000 98.670000 -0.162611
26.760000 106.750000 -0.22307
73.810000 107.910000 0.0460034
115.040000 111.700000 -0.0224173
196.430000 111.440000 -0.117208
66.620000 114.160000 -0.0668366
228.760000 116.140000 0.196741
135.350000 118.700000 -0.26345
93.210000 119.400000 -0.073486
37.220000 123.150000 0.0497907
258.740000 126.930000 -0.228754
8.300000 127.530000 0.326413
21.060000 133.630000 0.302086
160.070000 133.530000 -0.277019
269.780000 135.820000 0.141652
104.810000 139.460000 0.00512486
241.560000 140.620000 0.26589
210.370000 141.360000 0.0139039
90.160000 143.090000 -0.091846
190.050000 142.860000 0.0290281
157.520000 144.840000 0.356266
120.020000 147.150000 0.141282
42.440000 148.100000 0.113578
132.910000 155.300000 0.462719
19.910000 156.710000 0.145883
258.940000 158.470000 -0.0862839
329.860000 160.010000 0.466944
216.340000 164.160000 0.0343051
72.800000 166.160000 0.0195473
351.030000 167.490000 -0.104547
234.930000 167.600000 -0.0888726
65.260000 171.670000 0.0437889
37.470000 175.260000 -0.173254
212.910000 176.950000 -0.297786
194.070000 177.650000 -0.269189
19.030000 180.300000 -0.320509
137.850000 181.930000 0.417707
250.370000 184.960000 -0.496243
227.500000 190.630000 0.169887
205.490000 196.180000 -0.0532897
51.360000 197.160000 -0.0889597
6.440000 197.440000 0.463136
287.390000 197.850000 -0.16262
102.320000 202.970000 0.0506661
263.940000 209.060000 0.41191
121.010000 210.090000 0.23378
96.070000 221.510000 0.0552884
332.730000 221.720000 -0.0226991
186.930000 222.460000 0.103246
112.440000 225.730000 0.111437
148.810000 238.360000 0.00440686
8.550000 239.950000 0.0740887
65.980000 240.490000 0.035508
369.980000 244.350000 -0.248893
130.320000 247.760000 -0.238204
327.510000 248.150000 0.470501
289.030000 253.310000 -0.107862
217.640000 258.070000 -0.322083
110.770000 262.600000 -0.03019
193.390000 268.780000 -0.426239
294.480000 272.500000 -0.009178
71.700000 274.420000 -0.117064
158.040000 275.010000 -0.0584373
233.390000 277.140000 0.568824
316.940000 278.030000 -0.474469
270.750000 278.880000 0.272704
25.610000 281.410000 0.00074
334.040000 283.170000 0.65809
253.660000 284.340000 -0.572869
63.230000 285.110000 0.141108
123.420000 288.890000 0.0612053
271.390000 289.430000 0.172097
197.570000 290.720000 0.152199
277.930000 302.450000 -0.239557
145.930000 304.220000 -0.226291
76.360000 310.910000 0.0708936
65.570000 313.960000 0.0944783
381.810000 319.200000 0.057527
344.680000 322.900000 -0.212237
110.590000 325.870000 -0.0612734
268.100000 326.650000 -0.0567751
17.960000 327.990000 0.0879614
212.130000 328.520000 0.26359
176.520000 330.470000 -0.252274
49.460000 341.810000 0.162163
159.120000 341.950000 0.0928597
123.190000 343.310000 0.112086
73.230000 344.560000 0.386464
237.820000 350.060000 0.58215
136.940000 357.740000 -0.474674
397.580000 358.930000 0.636787
421.980000 360.290000 -0.715249
175.240000 367.030000 0.00733229
190.460000 374.010000 -0.555081
106.740000 378.340000 -0.0678843
165.150000 381.840000 0.73652
123.560000 383.040000 0.157231
34.440000 386.020000 -0.0497161
394.400000 390.550000 0.425127
112.430000 392.120000 -0.0479149
366.910000 392.510000 0.11586
122.470000 396.030000 -0.111568
146.890000 396.860000 -0.20376
162.680000 399.450000 0.795776
20.480000 404.040000 0.142654
381.530000 405.790000 0.689794
177.010000 407.040000 0.105453
129.110000 410.360000 -0.0774056
327.030000 416.310000 -0.186509
432.060000 416.600000 -0.110262
116.290000 420.780000 0.00629571
212.880000 421.940000 -0.510976
68.760000 422.330000 0.165719
161.010000 422.400000 0.222167
294.270000 424.620000 -0.0993267
143.750000 427.270000 -0.135038
241.430000 427.910000 0.45832
309.460000 428.620000 0.348277
267.720000 429.690000 0.560921
109.330000 429.870000 0.00885114
415.980000 430.630000 -0.195007
257.710000 431.470000 -0.219569
387.620000 433.560000 0.221987
229.780000 440.730000 -1.16174
327.500000 441.130000 0.568461
