123.660000 4.130000 -0.140277
296.860000 7.430000 1.32782
103.630000 17.890000 -0.144443
141.510000 20.110000 0.586977
156.150000 22.100000 0.555137
249.400000 25.240000 -0.252643
57.410000 28.530000 0.173901
105.530000 38.000000 -0.174196
12.610000 38.270000 0.0301769
255.330000 39.730000 -0.434733
79.730000 41.000000 0.18288
3.900000 46.490000 0.181291
210.050000 52.130000 0.0119139
31.850000 55.100000 0.350181
239.440000 55.860000 -0.0434276
11.080000 57.800000 0.537307
115.690000 65.010000 0.57678
129.530000 73.540000 0.11086
226.820000 81.220000 -0.698537
304.610000 83.110000 0.747559
343.630000 83.060000 0.222934
253.690000 85.810000 1.10122
12.810000 87.560000 0.167213
123.100000 98.660000 -0.342756
27.020000 99.960000 -0.461997
70.040000 105.260000 0.29343
82.030000 106.170000 0.55901
193.990000 109.700000 -0.166097
113.690000 110.390000 -0.01926
223.840000 110.610000 -0.158373
39.740000 112.350000 0.147477
23.880000 116.400000 -0.36988
135.620000 119.400000 -0.698691
93.620000 120.780000 -0.0509744
264.990000 120.840000 -0.728907
270.960000 131.230000 0.71471
162.350000 134.080000 -0.607987
225.480000 136.470000 -0.235754
239.090000 136.500000 -0.213074
105.900000 139.740000 -0.0627583
189.200000 140.760000 0.272686
212.040000 143.090000 0.228504
90.100000 143.390000 -0.105217
157.060000 144.560000 0.994007
119.400000 146.650000 0.145094
43.120000 150.250000 0.139442
24.080000 153.540000 0.756234
133.100000 154.800000 0.65442
78.400000 158.180000 -0.0492113
330.300000 159.080000 0.452141
260.940000 159.970000 0.204211
216.170000 161.030000 0.00318643
350.900000 165.610000 0.120188
233.640000 166.210000 0.171799
63.790000 168.340000 0.0487233
243.430000 176.920000 -0.472163
23.540000 177.900000 -0.0962876
194.960000 178.180000 -0.549933
39.560000 178.430000 -0.0328089
213.930000 178.590000 -0.0180719
139.020000 181.570000 0.206459
249.430000 184.220000 -0.692627
228.060000 192.950000 0.546323
207.490000 196.970000 0.0429596
287.590000 197.490000 -0.564813
15.080000 197.800000 0.619824
52.530000 198.360000 -0.190764
101.360000 200.150000 -0.118023
264.840000 202.820000 0.323216
119.610000 209.700000 -0.134751
201.540000 210.150000 -0.178476
177.370000 219.060000 0.0557784
332.110000 220.780000 0.284681
186.630000 222.390000 -0.157183
97.140000 223.120000 -0.179596
255.090000 224.260000 -0.190294
111.670000 225.810000 -0.178359
7.420000 239.160000 0.000426
61.970000 240.480000 -0.256273
148.990000 242.570000 -0.0760691
371.360000 243.640000 -0.220741
327.510000 246.390000 0.720416
130.100000 248.190000 -0.093402
288.740000 253.670000 -0.0650913
218.590000 258.580000 -0.481451
106.160000 269.430000 -0.0406806
294.230000 272.770000 -0.0211741
72.010000 275.430000 0.348563
315.970000 275.510000 -0.950186
158.070000 275.930000 0.173837
234.370000 276.350000 0.266079
195.640000 277.040000 -0.501661
270.610000 278.550000 0.116804
25.160000 280.620000 0.0292386
335.290000 282.150000 0.542604
112.350000 285.170000 -0.206539
253.130000 286.590000 0.22994
271.220000 289.350000 0.418643
61.720000 290.130000 0.0522984
123.560000 289.870000 -0.130833
138.130000 292.370000 0.16473
200.240000 297.420000 0.192661
285.620000 304.770000 -0.260737
145.490000 308.570000 -0.698933
75.560000 310.190000 -0.0967461
64.800000 313.950000 0.0819754
381.800000 319.070000 0.00585914
345.610000 321.760000 0.008059
110.300000 325.830000 0.228129
268.420000 325.960000 -0.123435
19.200000 327.430000 -0.0270649
212.440000 327.390000 0.290227
158.900000 341.570000 0.0288667
70.840000 342.810000 -0.0832884
123.470000 343.350000 0.0183116
49.340000 343.820000 -0.0294904
174.140000 345.030000 -0.298104
238.360000 350.360000 0.376141
135.150000 358.150000 0.172129
397.760000 358.460000 0.928547
422.370000 359.640000 -0.637237
104.900000 375.330000 -0.11885
187.640000 377.310000 -0.708226
164.320000 382.600000 1.06186
126.850000 384.500000 0.46502
394.150000 390.460000 0.590526
364.100000 391.220000 0.299521
111.620000 393.000000 -0.291274
34.910000 394.810000 -0.0979131
146.730000 396.430000 -0.141889
164.750000 398.690000 0.341846
129.500000 403.610000 0.0608716
20.400000 404.040000 0.0720254
381.140000 406.140000 0.543249
177.810000 406.960000 0.002238
115.980000 413.340000 0.103403
147.140000 415.030000 0.000423571
327.370000 416.830000 -0.140564
430.920000 416.830000 0.0343857
172.100000 418.960000 0.662289
299.080000 420.190000 -0.0863867
160.770000 421.450000 -0.00225171
213.010000 421.900000 -0.245406
314.240000 422.510000 -0.0936546
70.460000 424.230000 -0.00666357
267.550000 428.270000 0.162387
241.580000 431.360000 0.0961353
255.920000 431.590000 -0.0952341
106.840000 432.640000 0.134248
388.220000 434.220000 0.152979
304.230000 437.920000 0.290609
97.490000 438.240000 -0.0542629
230.610000 438.440000 0.255556
326.770000 440.470000 0.312849
