109.100000 1.130000 0.669664
179.150000 5.630000 0.416803
122.800000 8.260000 -0.0534766
147.270000 13.780000 0.230549
296.790000 13.590000 1.58471
156.550000 23.650000 0.627289
248.240000 26.580000 0.300879
58.420000 35.760000 0.482394
10.460000 39.160000 -0.496894
104.390000 39.030000 0.067818
256.920000 39.590000 -0.395776
78.010000 40.130000 0.457421
214.160000 40.500000 -0.236814
3.070000 50.720000 0.17413
242.100000 52.290000 0.0543341
29.240000 55.470000 0.311221
12.170000 59.230000 0.291964
118.580000 62.680000 -0.000738714
132.020000 75.830000 -0.0435666
229.250000 76.580000 -0.753001
345.930000 83.880000 0.10905
252.850000 85.090000 1.05686
19.020000 86.780000 0.506671
300.800000 88.410000 0.245096
431.860000 94.700000 1.34865
121.400000 100.320000 -0.168289
28.140000 101.550000 -0.870963
112.620000 110.840000 0.038233
226.800000 111.200000 -0.233174
194.020000 112.210000 -0.219967
39.440000 114.640000 0.0116287
22.040000 116.510000 -0.588829
96.140000 117.050000 0.254464
134.490000 118.770000 -1.13564
68.010000 124.880000 0.258644
261.420000 125.530000 -0.640136
162.170000 132.580000 -0.313771
268.500000 136.360000 0.280306
238.280000 137.010000 -0.0476186
224.960000 137.410000 -0.251287
104.990000 137.480000 -0.0462643
20.460000 138.970000 1.18145
192.800000 144.430000 0.103391
212.070000 145.200000 0.0956901
88.940000 146.770000 0.0807539
157.980000 147.590000 0.314334
48.090000 151.820000 0.0573184
117.520000 152.110000 0.117153
26.430000 153.630000 -0.419191
333.720000 153.860000 0.658671
133.850000 156.070000 0.561236
260.580000 161.810000 0.557851
75.840000 162.250000 -0.0204467
216.070000 163.000000 0.112604
343.370000 165.460000 -0.782817
234.860000 166.160000 0.322164
64.680000 169.050000 -0.121045
240.500000 175.040000 -0.29673
39.950000 175.440000 -0.149837
212.490000 179.480000 -0.224939
196.440000 179.930000 -0.53837
27.320000 181.300000 -0.109917
142.200000 183.420000 0.28159
249.420000 185.440000 -0.791907
229.680000 193.470000 0.609703
9.450000 196.340000 0.664554
288.380000 197.890000 -0.450286
207.510000 198.380000 0.0525624
102.540000 200.840000 0.175496
52.420000 201.230000 -0.464643
267.420000 203.490000 -0.0224919
202.020000 211.350000 -0.123162
120.240000 213.020000 0.269214
178.310000 219.750000 -0.042174
97.020000 225.710000 -0.52775
314.650000 225.950000 0.637761
333.550000 225.830000 -0.434157
258.390000 227.050000 -0.067053
111.090000 232.110000 -0.0192133
7.280000 239.520000 0.128408
63.950000 241.820000 -0.156969
372.500000 242.760000 0.0169257
328.980000 246.000000 -0.368907
137.650000 250.710000 -0.138037
288.580000 254.200000 0.222553
219.410000 260.210000 -0.259063
191.180000 266.020000 -1.04236
107.770000 267.100000 -0.13497
295.020000 273.500000 -0.258571
235.230000 275.490000 0.103009
319.390000 275.840000 -1.18104
158.400000 276.640000 -0.266231
270.860000 278.350000 0.427226
72.360000 280.070000 0.145436
256.540000 279.980000 -0.737287
335.780000 282.500000 1.12233
28.230000 283.500000 -0.0381476
64.890000 286.310000 0.348013
110.900000 286.260000 -0.169763
202.980000 289.850000 0.0696073
250.160000 289.970000 -0.121456
271.640000 289.790000 0.177787
144.050000 293.530000 0.589263
120.420000 296.140000 -0.242966
286.430000 303.570000 -0.103128
147.620000 308.960000 -0.808646
78.790000 311.750000 0.0319494
64.540000 318.520000 -0.0601214
382.840000 319.500000 -0.0554594
347.370000 322.230000 0.0808163
270.470000 325.410000 -0.225349
108.520000 326.400000 -0.00393014
18.590000 327.380000 -0.0786081
48.640000 328.740000 -0.00716429
214.660000 332.220000 -0.102925
158.610000 339.970000 -0.0279396
68.010000 344.520000 -0.066173
124.080000 344.300000 -0.0710093
173.730000 346.890000 -0.322257
237.580000 349.750000 0.920594
135.470000 357.850000 0.578643
424.590000 358.220000 -0.477733
398.440000 358.510000 0.99624
181.560000 362.000000 -0.0744469
103.570000 378.040000 -0.113661
188.270000 381.540000 -0.954594
128.220000 386.130000 0.333316
35.620000 386.560000 -0.131254
161.400000 390.210000 1.08645
367.400000 391.490000 0.261079
397.090000 392.090000 0.654834
115.540000 393.310000 0.16371
147.750000 396.940000 -0.16422
102.170000 399.740000 1.02599
179.650000 402.320000 0.516236
20.710000 405.770000 -0.112725
381.590000 406.620000 0.561134
133.340000 409.640000 -0.0667693
114.410000 413.350000 0.143497
168.430000 414.450000 0.588837
429.870000 416.870000 0.329564
327.200000 417.470000 0.38171
213.650000 422.010000 0.32951
294.690000 422.880000 0.454751
96.590000 425.650000 0.341196
65.030000 426.150000 0.0139629
106.090000 429.360000 0.00755
141.880000 429.820000 0.0709226
251.160000 429.890000 -0.59257
385.540000 433.270000 0.506234
266.850000 434.090000 0.788369
391.430000 434.530000 0.368097
228.940000 439.380000 -0.237136
294.660000 441.250000 0.648617
