179.090000 2.650000 0.29595
123.340000 6.400000 -0.343589
295.800000 12.320000 1.46664
104.700000 13.270000 -0.328501
146.450000 15.100000 -0.127089
156.120000 22.670000 0.581291
248.750000 28.050000 0.322721
57.680000 32.260000 -0.115057
9.830000 37.580000 0.0809624
104.480000 38.390000 0.13201
257.320000 39.560000 -0.233619
80.540000 40.430000 0.309136
212.150000 46.290000 -0.0346039
5.310000 50.880000 0.180963
240.860000 52.970000 0.0500927
28.360000 53.710000 0.442566
12.760000 57.280000 2.27153
118.670000 62.890000 0.160359
131.270000 75.080000 0.0433647
227.810000 78.920000 -0.596914
345.400000 80.840000 -0.0574063
253.600000 85.370000 0.996301
304.040000 86.500000 -0.135314
20.290000 87.820000 0.321486
431.020000 97.690000 0.715987
120.930000 98.750000 -0.054242
30.340000 103.310000 -1.31962
112.630000 111.420000 0.0509101
225.540000 112.370000 -0.231393
40.420000 112.540000 0.023021
193.460000 113.750000 -0.278257
19.770000 116.760000 -1.26674
96.860000 118.330000 0.179729
135.290000 118.360000 -0.977919
70.120000 124.700000 0.204151
257.950000 128.840000 -0.503273
162.550000 131.660000 -0.32909
16.510000 135.190000 1.00266
239.350000 135.750000 -0.0742507
267.640000 136.760000 0.127776
107.570000 141.340000 -0.113538
191.190000 141.840000 0.165507
211.790000 144.590000 -0.017893
228.360000 144.600000 0.113882
88.520000 145.350000 0.019411
158.180000 145.690000 0.52207
118.080000 149.650000 0.00497686
47.040000 150.680000 0.128545
25.940000 153.180000 0.191441
333.770000 154.070000 0.580561
132.800000 154.960000 0.352764
261.610000 161.380000 0.331433
79.120000 162.460000 0.0634801
345.710000 162.850000 -0.640086
215.680000 163.300000 0.0994284
62.780000 163.890000 -0.0400137
234.520000 166.520000 -0.194921
241.010000 175.330000 -0.341061
40.550000 176.880000 -0.156117
196.950000 178.880000 -0.598163
26.400000 180.580000 -0.152424
141.800000 181.890000 0.206454
249.480000 185.840000 -0.723473
227.440000 191.510000 0.618879
206.900000 196.840000 0.0512459
287.940000 197.750000 -0.2001
52.370000 199.470000 -0.366419
13.230000 199.690000 0.7583
102.120000 199.740000 0.264589
267.420000 203.000000 0.0218066
202.160000 210.110000 -0.111842
119.900000 210.930000 0.374523
177.860000 219.470000 -0.16637
333.220000 223.490000 -0.0299504
256.520000 223.790000 0.0963511
97.170000 224.700000 -0.320411
110.580000 228.950000 0.00531543
7.160000 238.990000 0.286531
62.770000 240.760000 -0.0467473
371.720000 243.740000 -0.104551
327.410000 246.520000 -0.049195
139.080000 252.180000 -0.291136
288.580000 253.910000 0.135254
218.900000 259.920000 -0.350224
192.260000 264.900000 -0.891949
107.570000 267.500000 -0.0859077
294.300000 273.360000 -0.25298
319.210000 274.780000 -1.13923
234.830000 276.010000 -0.0237944
158.530000 277.340000 -0.213141
270.620000 278.490000 0.249289
72.640000 279.780000 0.267509
335.470000 282.020000 1.22428
28.410000 283.690000 -0.0410396
60.310000 284.930000 0.145574
249.730000 287.370000 -0.0619289
203.300000 288.860000 0.32805
271.240000 289.620000 0.120364
138.510000 292.640000 0.460903
122.620000 293.290000 -0.2661
285.350000 304.920000 -0.0353461
147.210000 307.840000 -0.55885
78.360000 309.940000 -0.0242663
64.770000 316.080000 -0.104077
381.460000 318.570000 -0.0430926
346.000000 321.890000 -0.00913986
110.070000 325.220000 -0.00569314
269.090000 325.540000 -0.0789786
216.890000 326.620000 0.0594587
17.860000 329.910000 -0.0539676
50.950000 335.370000 -0.0827224
158.540000 340.470000 0.0607727
68.350000 343.170000 -0.0185937
123.630000 343.650000 -0.14571
174.680000 345.730000 -0.184077
237.250000 350.390000 0.866209
134.780000 357.260000 0.125598
398.060000 358.390000 0.54714
422.630000 359.640000 -0.736694
104.010000 375.810000 -0.165217
188.790000 379.330000 -0.789914
163.470000 383.250000 1.09807
33.310000 384.520000 -0.157109
124.350000 385.020000 -0.501634
364.730000 390.210000 0.151044
394.760000 390.870000 0.367207
105.560000 393.720000 0.712869
167.560000 395.840000 -0.292034
147.560000 396.310000 -0.234286
180.890000 403.660000 0.394594
20.910000 403.930000 0.0116987
381.740000 406.980000 0.441847
132.220000 407.510000 -0.0859951
114.410000 412.470000 0.0683969
166.900000 412.750000 0.159709
327.440000 416.800000 0.406511
429.040000 417.640000 0.146136
213.530000 421.730000 0.225831
66.570000 423.200000 -0.0678157
97.180000 424.050000 0.0202936
25.340000 424.730000 0.466427
292.890000 425.360000 0.179069
106.340000 428.660000 -0.000928714
141.890000 429.340000 0.0561636
258.530000 429.890000 -0.589384
265.950000 430.710000 0.505944
385.930000 433.970000 0.383703
231.220000 438.460000 0.72204
