59.240000 1.470000 0.961644
98.740000 4.120000 1.29249
179.090000 5.680000 -0.113724
122.950000 9.980000 0.561961
302.300000 16.050000 3.47979
156.560000 24.680000 0.582056
146.600000 26.500000 0.682331
249.330000 27.160000 0.00704029
257.590000 39.750000 -0.108796
212.960000 41.520000 -0.279586
81.850000 42.200000 0.680391
105.930000 42.010000 0.466577
61.850000 42.550000 0.5904
8.260000 47.040000 0.464124
25.770000 51.280000 0.00659757
242.490000 53.360000 0.0211403
13.390000 60.660000 0.0165779
228.630000 65.060000 -0.874041
118.140000 70.450000 0.772954
313.700000 74.870000 1.6408
137.490000 78.100000 -0.421243
253.580000 85.620000 1.03691
345.900000 85.960000 -0.0638031
22.090000 86.400000 -0.0556783
128.560000 103.270000 -0.444344
3.000000 107.460000 -0.714646
94.480000 108.280000 0.30339
223.400000 109.000000 -0.44913
430.240000 110.050000 0.586366
23.750000 112.250000 -0.673667
41.270000 114.090000 0.054956
193.270000 117.310000 -0.446973
118.250000 120.680000 -0.517766
79.110000 121.990000 0.174396
138.600000 127.300000 -1.13589
22.580000 130.310000 0.143444
104.680000 131.430000 0.0572954
161.400000 132.000000 -0.268967
255.290000 133.280000 -0.674669
224.870000 138.780000 -0.1525
19.870000 139.760000 1.15916
261.480000 147.190000 0.548571
88.100000 148.890000 -0.0116376
159.770000 149.450000 0.577083
208.360000 151.120000 0.591157
28.220000 153.490000 0.532844
245.650000 153.580000 0.244466
332.250000 157.350000 -0.0117961
190.790000 157.520000 -0.315957
113.510000 157.980000 0.0855473
255.210000 158.790000 0.374261
351.420000 160.000000 -0.273363
42.130000 160.540000 0.0795183
76.820000 160.660000 -0.0237503
129.920000 160.670000 0.243963
216.070000 162.700000 0.0750207
249.490000 174.660000 -0.998341
212.970000 178.780000 -0.419017
195.640000 178.950000 -0.749924
26.880000 180.500000 -0.257299
67.560000 181.760000 -0.373449
36.620000 182.360000 0.0232306
139.240000 184.380000 0.077569
230.480000 187.020000 0.24614
250.750000 187.510000 -0.973469
8.680000 194.840000 1.06004
225.760000 195.420000 0.540716
289.160000 198.800000 -0.865166
208.490000 198.940000 0.0671194
52.950000 204.560000 0.0562916
103.700000 205.020000 -0.168794
267.390000 205.610000 1.024
200.680000 210.010000 -0.0419446
120.470000 214.360000 0.381596
179.340000 219.710000 0.176394
96.080000 226.270000 -0.967026
334.310000 227.630000 0.131864
366.500000 228.960000 0.355901
313.490000 231.100000 0.381479
259.960000 235.050000 0.190373
114.270000 237.110000 -0.196251
6.670000 237.980000 0.672889
193.330000 238.420000 -0.159876
60.440000 243.110000 0.469051
148.220000 244.530000 -0.118678
131.020000 246.920000 -0.195247
328.800000 250.780000 -0.646043
288.270000 253.930000 -0.185906
217.020000 262.020000 -0.29022
191.440000 266.740000 -0.849403
108.320000 269.000000 -0.0266264
295.030000 275.900000 -0.245253
72.850000 276.340000 0.113131
156.120000 277.400000 -0.0491533
36.360000 278.200000 0.23557
271.360000 279.560000 0.27106
236.840000 280.760000 0.200983
64.000000 284.450000 0.13898
318.660000 284.300000 -0.962724
337.410000 284.220000 1.20248
249.320000 286.680000 -0.438227
113.640000 286.850000 -0.0245719
201.450000 290.610000 -0.134451
272.360000 291.820000 -0.0289309
144.300000 292.810000 0.264383
121.720000 306.700000 -0.332796
287.490000 307.620000 -0.228813
147.440000 309.230000 -0.726339
79.200000 314.880000 -0.125117
382.360000 320.930000 -0.0235959
64.350000 321.850000 -0.15123
349.310000 322.070000 0.0475879
272.250000 327.090000 -0.491914
108.870000 327.400000 -0.292696
19.660000 328.070000 -0.00178371
215.020000 331.600000 0.551869
47.110000 333.120000 -0.28279
158.890000 338.510000 0.0875673
173.040000 340.830000 -0.396949
63.420000 345.610000 -0.549691
124.910000 347.910000 0.139325
238.070000 349.570000 0.410113
354.450000 355.320000 -0.629789
425.140000 359.010000 -0.30215
398.760000 359.380000 0.436216
10.520000 360.220000 -0.0651394
135.330000 361.840000 1.02882
187.230000 367.980000 -0.755214
103.080000 375.110000 0.0224634
34.030000 385.140000 -0.11437
112.760000 386.720000 0.19732
162.210000 386.750000 0.224524
398.500000 391.430000 0.528214
371.240000 395.970000 0.221517
149.190000 398.420000 -0.721817
22.500000 405.850000 0.0158883
379.630000 407.710000 0.546774
186.070000 408.360000 -0.155773
117.440000 409.330000 0.166107
135.940000 415.240000 -0.0667999
167.810000 416.000000 1.76581
428.540000 417.880000 0.810497
331.520000 419.980000 0.266691
302.670000 420.770000 0.510634
214.270000 422.970000 -0.0496024
317.120000 425.560000 0.464024
67.080000 426.930000 0.0445687
290.610000 426.780000 1.33389
99.860000 429.250000 0.117802
108.400000 429.690000 0.198864
142.050000 431.230000 0.522593
239.630000 433.720000 -0.494249
387.480000 434.090000 0.52878
36.570000 435.410000 0.18369
228.920000 440.060000 0.0998969
267.780000 440.380000 0.894826
255.390000 441.520000 2.00189
328.000000 442.670000 0.283067
