101.430000 2.390000 0.632936
180.070000 5.560000 -0.111405
123.850000 8.870000 0.0944441
304.180000 17.890000 3.66333
156.620000 24.550000 0.440809
147.160000 27.550000 1.1496
249.770000 27.440000 0.307299
256.860000 38.640000 0.0731654
13.430000 39.180000 -0.679027
103.860000 39.080000 0.538914
82.640000 40.180000 0.502456
61.900000 42.580000 0.533847
214.090000 42.530000 8.92857e-05
29.160000 53.150000 0.194234
12.420000 53.650000 0.624543
241.930000 54.290000 0.0431246
116.570000 64.520000 0.744229
228.180000 65.520000 -0.905757
133.440000 74.410000 -0.41965
310.430000 77.640000 1.40339
346.450000 83.320000 0.0599963
253.880000 85.250000 1.23481
22.260000 86.060000 0.496969
126.270000 102.290000 -0.41341
24.350000 107.720000 -0.645137
222.150000 109.110000 -0.130376
94.700000 110.960000 0.0838137
70.510000 113.710000 0.111355
194.330000 113.770000 -0.482717
39.870000 115.940000 0.0306236
117.540000 120.130000 -0.431764
257.650000 121.120000 -0.841313
78.150000 123.610000 0.10343
137.880000 125.950000 -1.21419
103.880000 129.220000 -0.0780853
161.160000 132.440000 -0.164877
260.820000 134.940000 0.42457
226.620000 137.210000 -0.173833
428.950000 142.560000 0.972389
20.120000 143.230000 1.19297
88.220000 148.760000 -0.0206436
159.990000 149.400000 0.547044
209.430000 150.370000 0.485979
243.970000 151.420000 0.0714011
27.230000 152.620000 0.401053
114.780000 155.480000 0.106872
333.000000 155.830000 0.195566
131.030000 157.980000 0.398641
190.450000 158.720000 -0.154987
254.420000 158.680000 0.289489
45.210000 158.870000 0.123961
351.150000 160.920000 -0.587087
75.840000 161.440000 -0.119956
216.070000 162.230000 -0.0662223
235.840000 167.790000 0.124219
63.780000 172.500000 -0.245577
244.940000 175.760000 -0.911531
196.380000 178.840000 -0.629369
213.390000 179.520000 -0.385883
36.450000 179.670000 -0.0459797
26.790000 180.420000 -0.177879
139.690000 184.530000 0.218989
250.190000 187.320000 -1.0419
226.770000 191.890000 0.50593
8.990000 196.020000 1.2218
208.670000 198.250000 0.0895784
289.140000 199.530000 -0.948856
51.880000 203.710000 -0.181969
103.910000 203.860000 -0.164511
266.930000 205.400000 0.920921
200.630000 211.130000 -0.00405314
120.540000 214.040000 0.32353
179.210000 219.280000 0.187147
96.000000 225.980000 -0.989733
333.890000 227.180000 -0.0102086
313.260000 229.400000 0.383524
370.020000 232.530000 0.0490426
259.310000 234.820000 0.0410546
113.910000 236.050000 -0.180354
192.620000 237.680000 -0.188257
7.480000 238.350000 0.54614
59.490000 240.110000 0.354567
151.100000 242.340000 -0.149829
130.470000 247.690000 -0.118394
329.040000 250.510000 -0.708931
289.260000 254.010000 -0.086833
218.590000 259.700000 -0.190011
195.220000 265.810000 -0.962701
107.710000 269.090000 -0.0327576
295.080000 275.120000 -0.17221
72.630000 276.330000 0.17169
156.130000 277.190000 -0.090299
271.110000 278.860000 0.18475
236.500000 281.320000 0.216119
317.600000 281.830000 -0.869263
65.260000 283.150000 0.313399
336.890000 283.620000 1.29826
31.070000 285.310000 0.188587
112.670000 285.910000 0.0240166
249.150000 286.510000 -0.446126
202.540000 290.890000 -0.165327
272.190000 291.070000 -0.0185309
145.090000 294.820000 0.30197
121.160000 303.850000 -0.256767
289.530000 305.510000 -0.0948024
147.760000 307.510000 -0.76863
80.470000 313.000000 -0.0852646
383.210000 320.480000 -0.022248
64.770000 321.370000 -0.0970629
347.720000 321.520000 0.0568861
272.020000 326.470000 -0.43217
109.290000 327.380000 -0.243497
19.970000 328.020000 -0.00885071
217.330000 330.260000 0.503537
46.860000 334.340000 -0.192009
157.370000 339.580000 0.258769
172.780000 339.570000 -0.498783
64.420000 346.310000 -0.466369
124.990000 346.810000 0.16613
237.310000 348.020000 0.804613
354.170000 354.700000 -0.710489
398.560000 358.950000 0.727826
424.710000 359.810000 -0.136794
134.680000 361.530000 0.949449
8.090000 361.700000 0.00440486
190.930000 375.610000 -1.23038
103.680000 377.120000 -0.0599996
33.200000 383.320000 0.00643329
163.370000 386.000000 0.823671
112.430000 391.450000 0.168273
398.580000 392.180000 0.779881
369.320000 395.400000 0.286549
148.840000 397.290000 -0.348609
159.170000 404.510000 -0.000905286
103.170000 404.770000 -0.618316
20.930000 406.230000 0.145571
184.030000 407.640000 0.282381
379.860000 408.740000 0.54212
116.900000 412.260000 0.200687
135.320000 413.370000 -0.00299429
331.590000 416.230000 0.38249
429.020000 417.300000 0.192109
165.320000 417.850000 2.25783
214.110000 422.390000 0.0445724
292.040000 424.380000 1.18642
68.020000 424.990000 0.0123357
316.750000 426.280000 0.519369
96.950000 427.250000 0.119598
108.440000 429.320000 0.25923
141.010000 431.390000 0.515731
241.100000 432.730000 -0.373467
387.690000 433.700000 0.379776
35.050000 436.490000 0.240044
266.470000 437.450000 1.32974
328.220000 441.780000 0.355467
228.610000 442.200000 0.105124
