178.860000 1.580000 -0.142043
124.510000 5.300000 -0.0677401
298.610000 11.020000 1.19605
101.470000 14.300000 0.154577
144.790000 15.140000 -0.0119186
156.160000 22.810000 0.679496
249.100000 27.450000 -0.086751
57.000000 28.400000 -0.115777
9.740000 37.110000 -0.127923
104.070000 38.010000 0.0381844
258.150000 39.480000 -0.28088
82.170000 41.150000 0.237601
2.270000 51.240000 0.0288554
27.910000 53.250000 0.358404
213.380000 52.990000 0.0612384
240.350000 53.940000 -0.0797587
12.950000 58.050000 0.279836
119.610000 62.700000 0.273531
130.740000 75.040000 0.0198921
225.940000 78.920000 -0.472843
345.380000 82.370000 0.0299656
307.170000 83.920000 0.0374753
253.790000 85.240000 0.969384
14.650000 88.340000 0.283071
432.250000 98.590000 0.760079
122.110000 100.190000 -0.164
27.250000 101.050000 -0.690937
64.970000 107.390000 0.716123
195.410000 110.010000 -0.163917
109.480000 111.520000 0.161466
224.270000 111.700000 -0.153969
39.490000 113.160000 0.00624771
94.070000 118.360000 0.0122726
135.590000 119.220000 -0.744827
21.120000 122.390000 -0.543114
75.470000 125.640000 0.118997
257.800000 129.870000 -0.46726
162.950000 131.820000 -0.448951
268.490000 134.380000 0.331976
239.010000 137.330000 -0.187137
189.780000 140.180000 0.124368
226.630000 142.150000 0.284519
89.800000 144.280000 -0.178693
211.920000 144.240000 0.0255587
157.370000 145.660000 0.629637
118.450000 146.560000 -9.87143e-05
46.310000 149.820000 0.146669
26.170000 153.150000 0.487223
131.780000 155.100000 0.375717
329.730000 158.540000 0.679337
260.620000 160.830000 0.251186
216.080000 162.890000 -0.0862753
345.520000 162.970000 -0.277
79.850000 163.270000 -0.0529654
61.370000 163.960000 -0.0361674
233.460000 167.690000 0.00627186
241.990000 175.780000 -0.328567
41.220000 178.780000 -0.0611757
196.100000 180.100000 -0.448997
25.340000 180.390000 -0.221704
139.910000 181.410000 0.164994
249.860000 185.180000 -0.61471
226.150000 191.140000 0.560029
12.990000 194.380000 0.57729
206.180000 197.770000 0.0538919
287.710000 197.690000 -0.380796
52.070000 199.280000 -0.1509
101.550000 199.980000 -0.203543
267.340000 202.500000 0.157627
119.950000 210.820000 0.0425106
201.780000 211.200000 -0.0887704
177.740000 219.650000 -0.028292
333.020000 222.300000 -0.0589104
96.810000 223.970000 -0.36139
256.120000 224.060000 -0.178414
111.070000 227.070000 -0.172034
7.160000 239.380000 0.183654
62.510000 240.910000 0.0511919
372.370000 243.880000 -0.122664
145.890000 245.880000 -0.0308736
327.180000 245.870000 0.414504
129.900000 249.170000 0.0679581
287.460000 252.960000 0.121737
217.880000 259.220000 -0.279339
188.450000 267.740000 -0.771401
106.980000 268.200000 -0.098105
294.180000 273.250000 0.128268
314.780000 275.220000 -1.05211
157.970000 277.220000 0.0960503
234.970000 277.350000 -0.0764263
72.650000 277.970000 0.16876
270.660000 278.640000 0.0841121
24.220000 281.490000 0.0289557
335.430000 282.300000 0.691714
252.020000 288.020000 -0.285763
62.790000 288.380000 0.143067
202.990000 288.780000 0.271954
114.380000 289.090000 -0.18484
271.250000 289.700000 0.196794
123.840000 290.830000 -0.111351
138.620000 293.010000 0.308326
285.850000 305.250000 -0.0218881
146.520000 307.390000 -0.559256
76.020000 310.740000 -0.0522209
64.590000 315.540000 -0.131888
381.970000 319.320000 -0.0426099
345.800000 321.910000 -0.054422
110.500000 325.440000 0.113647
268.750000 325.900000 -0.24527
212.650000 327.390000 0.0697251
22.070000 327.580000 0.0155893
159.520000 340.980000 0.120692
51.030000 341.870000 -0.103018
123.840000 342.680000 -0.249617
70.450000 343.060000 -0.277627
175.150000 347.870000 -0.231076
237.930000 351.400000 0.785631
136.120000 358.800000 -0.217869
397.930000 358.640000 0.693477
422.690000 359.420000 -0.749579
104.310000 374.830000 0.10673
188.900000 379.410000 -0.841546
164.650000 383.470000 1.13943
125.120000 386.090000 0.197519
33.790000 386.930000 -0.0808204
103.370000 390.790000 -0.194919
363.630000 390.900000 0.173601
394.440000 391.310000 0.50197
113.740000 394.660000 0.216271
147.380000 396.490000 -0.23598
165.800000 398.070000 0.564977
20.920000 404.760000 0.0839973
131.200000 406.020000 0.0175487
178.960000 406.160000 0.433524
381.640000 406.660000 0.533916
163.070000 415.240000 0.239923
117.320000 416.180000 0.0890983
327.460000 416.680000 0.0498613
429.660000 418.170000 0.178464
213.360000 422.000000 -0.0943066
294.380000 423.170000 0.162431
97.450000 425.200000 -0.0196726
69.160000 425.920000 -0.0820241
142.620000 427.040000 0.197201
265.970000 429.600000 0.315623
106.650000 429.940000 0.0459434
259.010000 431.430000 -0.232499
386.650000 434.090000 0.229147
231.270000 437.350000 -0.0906141
298.640000 441.600000 0.900583
