100.490000 2.980000 0.224714
179.160000 5.430000 0.729237
122.870000 6.810000 0.14304
297.950000 15.100000 2.09917
157.590000 22.820000 0.605527
249.360000 25.370000 0.714687
146.880000 27.670000 0.883383
257.550000 37.910000 -0.248367
59.780000 38.160000 0.539574
104.880000 38.060000 0.288041
10.520000 38.310000 -0.441881
213.780000 39.350000 -0.161906
80.300000 39.780000 0.459036
5.080000 51.470000 0.355964
241.980000 53.370000 -0.0392326
30.320000 53.960000 0.342756
14.510000 57.990000 0.267807
119.910000 59.840000 0.440886
230.560000 75.250000 -0.936657
132.070000 76.480000 -0.217236
253.070000 83.280000 1.31134
346.610000 83.760000 0.0949983
18.010000 85.200000 0.797474
299.660000 87.860000 0.284921
432.200000 94.810000 1.26874
30.270000 96.670000 -0.259823
122.360000 99.840000 -0.214923
113.130000 111.140000 -0.0417096
193.280000 111.260000 -0.504863
225.950000 111.250000 -0.452271
22.490000 111.650000 -0.635191
40.370000 113.320000 -0.00761657
69.570000 114.050000 0.208969
94.780000 116.350000 0.222469
135.300000 119.380000 -1.47557
261.890000 121.040000 -0.595974
72.230000 124.910000 0.11064
161.760000 132.610000 -0.161166
268.120000 132.600000 0.353293
224.070000 135.800000 -0.341414
105.110000 137.210000 -0.118687
19.680000 138.250000 1.35847
238.740000 140.460000 -0.0154206
88.980000 146.390000 0.00639643
211.860000 146.220000 0.30665
48.810000 152.470000 0.0432227
118.520000 152.800000 0.21138
26.300000 152.940000 0.392146
191.050000 153.120000 0.299586
333.970000 153.320000 0.761281
134.710000 156.320000 0.810081
75.350000 160.200000 -0.0776151
258.370000 160.610000 0.446916
215.190000 162.640000 0.120262
345.230000 163.830000 -0.88373
235.800000 167.210000 0.182487
64.440000 170.910000 -0.284687
241.300000 174.370000 -0.447134
39.190000 176.000000 -0.241511
197.020000 179.300000 -0.501164
213.140000 180.260000 -0.278594
26.270000 180.780000 -0.17928
142.160000 182.530000 0.540444
249.440000 185.180000 -0.808721
7.110000 192.290000 0.623537
233.150000 194.710000 0.388497
288.700000 198.360000 -0.469313
207.660000 199.600000 0.0190301
52.010000 200.740000 -0.503071
103.730000 201.310000 -0.0106709
267.430000 204.500000 0.0179696
202.130000 211.000000 -0.139085
120.200000 212.580000 0.188061
178.340000 219.060000 -0.0920966
97.260000 225.370000 -0.846987
332.720000 227.130000 -0.597229
313.370000 228.130000 0.651814
189.540000 231.500000 -0.369467
111.670000 233.400000 -0.251094
258.140000 233.460000 -0.0149074
6.930000 239.270000 0.119211
151.840000 239.930000 -0.219641
63.890000 241.360000 -0.122645
370.410000 244.460000 0.0269966
129.920000 249.090000 -0.0395927
330.940000 250.490000 -0.491417
288.750000 253.880000 0.288133
220.270000 260.360000 -0.38181
107.890000 266.650000 -0.141661
190.880000 266.640000 -1.05655
295.260000 273.540000 -0.206466
235.360000 275.770000 0.0573163
317.760000 277.940000 -1.13287
270.970000 278.530000 0.292756
157.100000 279.260000 -0.0725296
256.210000 280.310000 -0.400429
28.540000 281.150000 0.0426594
336.210000 282.580000 1.30095
66.750000 282.980000 0.61618
111.270000 286.260000 -0.106256
249.650000 288.720000 -0.203266
202.510000 290.070000 0.0543541
271.760000 290.180000 0.0840833
145.210000 293.080000 0.488631
120.540000 296.500000 -0.21466
288.010000 303.620000 -0.104502
147.610000 309.610000 -0.807801
79.370000 313.200000 0.0954513
64.390000 317.560000 -0.239847
384.210000 320.340000 -0.397796
347.740000 322.230000 -0.175173
271.240000 325.940000 -0.354016
218.220000 326.790000 -0.238214
19.460000 327.280000 -0.11721
108.730000 327.430000 -0.169876
48.510000 332.100000 0.093076
158.010000 339.000000 -0.0956784
123.930000 344.410000 -0.0211839
68.060000 345.300000 -0.099323
173.220000 349.240000 -0.234856
237.660000 349.990000 0.749884
135.720000 358.450000 0.819054
398.600000 358.660000 0.87744
424.900000 359.650000 -0.543077
183.770000 360.180000 0.581031
2.540000 363.650000 -0.130974
103.720000 378.290000 -0.0251901
188.200000 381.610000 -0.683999
31.650000 386.760000 0.124205
126.660000 387.360000 0.638533
161.360000 389.190000 1.16859
371.140000 391.150000 0.115762
395.890000 391.880000 0.729319
114.510000 394.260000 0.243149
147.900000 396.670000 -0.2189
100.880000 401.090000 0.132999
178.090000 401.940000 0.58762
161.180000 403.730000 -0.134264
382.020000 404.730000 0.614867
21.090000 406.830000 -0.210871
131.860000 408.530000 -0.102001
114.020000 412.690000 0.0785316
167.960000 416.500000 0.991387
429.690000 417.170000 0.414174
327.750000 417.830000 0.320084
302.560000 419.210000 1.03596
213.760000 421.920000 0.323149
67.660000 425.020000 0.0660823
293.060000 427.200000 0.871016
106.220000 429.410000 0.0526867
141.730000 430.100000 0.0528521
248.870000 430.740000 -0.825287
385.220000 432.710000 0.527887
266.230000 436.610000 0.679976
36.630000 437.710000 0.147987
229.400000 439.230000 -0.629456
293.810000 442.350000 1.13527
