178.590000 0.900000 -0.25235
123.560000 6.160000 -0.190944
298.020000 12.270000 1.07141
102.340000 13.650000 0.463331
156.160000 22.630000 0.728393
248.830000 27.690000 -0.000641286
56.910000 28.500000 -0.119451
9.240000 37.180000 -0.00972343
104.070000 37.930000 0.121143
257.650000 39.910000 -0.341564
80.000000 40.500000 0.270166
3.270000 50.800000 0.151031
212.480000 52.560000 0.0899913
28.810000 53.560000 0.284969
240.870000 53.400000 0.00821729
13.900000 58.060000 0.476711
117.080000 63.740000 0.191316
130.100000 75.130000 0.115429
223.100000 79.080000 -0.577829
344.930000 82.590000 0.0412704
305.550000 84.470000 -0.00950371
253.680000 85.330000 1.00668
14.520000 88.750000 0.26535
431.940000 97.740000 0.76819
121.440000 100.420000 -0.0948013
28.320000 101.560000 -0.872039
194.190000 110.110000 -0.127804
109.420000 111.410000 0.138498
223.530000 112.610000 -0.143384
40.710000 112.990000 -0.0815701
67.120000 114.720000 0.116799
135.600000 119.020000 -0.863931
96.070000 120.400000 0.152206
21.310000 124.880000 -0.0519116
72.960000 125.730000 0.135956
257.750000 127.650000 -0.552043
162.720000 131.850000 -0.31604
266.690000 135.570000 0.38634
238.280000 135.910000 -0.23514
189.640000 140.240000 0.103878
226.870000 143.200000 0.255977
212.040000 144.340000 -0.176507
89.440000 145.050000 -0.0593037
157.520000 145.740000 0.430879
119.070000 148.480000 -0.000111
45.330000 149.640000 0.121531
26.360000 153.240000 0.606739
131.960000 156.440000 0.332134
330.310000 157.650000 0.888334
260.670000 161.020000 0.269767
79.640000 162.190000 -0.0409214
346.350000 162.910000 -0.237464
215.920000 163.240000 0.0587643
62.380000 166.800000 -0.0694971
233.900000 167.760000 -0.185777
242.230000 175.680000 -0.358274
40.200000 178.160000 -0.146253
213.860000 177.990000 0.262811
25.330000 180.810000 -0.28658
140.630000 181.420000 0.164151
196.140000 181.590000 -0.51584
249.400000 184.860000 -0.729486
226.720000 190.780000 0.68562
13.470000 196.070000 0.53214
207.630000 197.580000 0.027255
287.790000 197.790000 -0.271817
52.240000 199.570000 -0.226993
101.590000 199.730000 0.0650477
267.080000 202.610000 0.0670596
119.840000 210.970000 0.27617
201.910000 210.930000 -0.0911361
177.860000 219.550000 -0.107213
332.500000 223.320000 -0.0116701
97.410000 224.250000 -0.431626
256.260000 224.130000 -0.0723837
110.230000 227.370000 -0.182441
7.110000 239.210000 0.140622
62.680000 240.740000 -0.0927419
371.430000 244.120000 -0.272386
326.550000 245.970000 0.312911
131.360000 248.790000 -0.194953
144.150000 249.060000 0.0156177
288.260000 253.680000 0.16969
218.240000 259.450000 -0.191119
190.800000 264.480000 -0.802996
107.110000 269.200000 -0.0965567
294.210000 273.260000 0.0593039
316.320000 275.110000 -1.05755
234.480000 276.650000 -0.119419
158.170000 277.520000 0.0462169
73.310000 278.710000 0.308371
270.620000 278.610000 0.0974881
335.440000 282.210000 0.843211
25.600000 282.760000 -0.0603303
61.640000 285.320000 0.11231
113.990000 287.410000 -0.136805
251.070000 288.160000 -0.243053
203.130000 288.510000 0.280179
271.270000 289.700000 0.0479313
123.790000 290.940000 -0.0836134
138.800000 292.340000 0.343833
285.840000 305.000000 -0.0849291
146.730000 307.510000 -0.534397
76.180000 310.400000 -0.045105
64.670000 315.190000 -0.0793121
381.990000 318.610000 0.0882631
345.710000 321.910000 0.0554514
110.510000 325.130000 0.125269
268.810000 325.700000 -0.0827416
214.230000 326.980000 0.0426829
20.990000 327.680000 0.014847
159.420000 340.500000 0.130773
52.760000 343.170000 -0.0626623
123.780000 342.930000 -0.213384
68.790000 343.390000 -0.101954
174.680000 346.260000 -0.127161
237.940000 351.600000 0.929509
398.010000 358.610000 0.706283
135.490000 359.020000 -0.154344
421.920000 359.890000 -0.728503
104.150000 376.320000 0.055214
187.430000 379.780000 -0.852866
164.400000 382.930000 1.13646
123.440000 385.300000 0.500367
31.270000 386.360000 -0.0632363
365.030000 390.380000 0.149086
394.550000 391.260000 0.465977
103.390000 393.930000 -0.184009
114.230000 395.360000 0.140567
147.470000 396.310000 -0.318294
167.750000 396.180000 0.313413
20.380000 404.900000 0.0361431
180.030000 405.420000 0.34805
131.340000 405.760000 -0.040707
381.210000 406.840000 0.562803
163.570000 413.120000 0.0427141
117.180000 414.970000 0.0745037
327.470000 416.700000 0.251753
429.380000 418.030000 0.159419
213.430000 421.890000 0.0202856
68.350000 424.090000 0.0324626
293.300000 424.500000 0.151209
142.970000 427.340000 0.183769
265.190000 429.520000 0.392547
106.730000 430.090000 0.043518
260.370000 430.140000 -0.406787
386.440000 434.270000 0.28984
231.510000 437.960000 -0.0164281
