105.430000 2.250000 0.543023
179.490000 6.580000 -0.0566743
123.710000 9.050000 0.271657
303.970000 16.970000 3.49034
157.260000 23.500000 0.629839
249.910000 25.830000 0.528756
145.640000 28.380000 0.781194
257.480000 37.740000 0.0603957
104.050000 37.960000 0.68537
82.250000 39.050000 0.711057
12.690000 39.560000 0.735791
214.140000 41.350000 0.0100179
61.820000 43.140000 1.02983
28.220000 53.300000 0.433086
3.800000 54.610000 0.412983
241.790000 54.470000 0.128038
12.200000 60.350000 1.08652
116.060000 60.630000 0.685121
227.530000 65.920000 -1.00475
132.800000 73.050000 -0.201919
346.040000 82.170000 -0.330866
253.990000 84.620000 1.53376
20.660000 86.090000 0.224609
306.100000 87.110000 0.946463
124.610000 101.420000 -0.313664
28.280000 107.090000 -0.876529
224.020000 110.680000 -0.360909
22.290000 112.100000 -0.786623
41.220000 113.420000 0.0993826
94.940000 113.500000 0.150537
194.330000 113.430000 -0.516183
114.440000 116.730000 -0.209613
136.630000 120.270000 -1.29413
436.160000 120.240000 0.903886
75.440000 123.130000 0.121044
259.930000 125.660000 -0.879916
105.140000 132.510000 -0.294827
161.550000 133.060000 -0.077105
265.680000 139.320000 0.502253
225.150000 139.850000 -0.244257
23.230000 142.540000 1.3851
87.530000 147.320000 -0.115782
210.200000 147.560000 0.27822
160.010000 148.590000 0.2733
242.590000 150.380000 0.0338074
26.810000 152.520000 0.585737
334.150000 154.650000 0.489367
117.630000 155.170000 0.019688
132.950000 157.530000 0.365947
255.520000 158.150000 0.344994
48.620000 158.450000 0.0666751
189.300000 159.810000 -0.000834857
74.810000 162.750000 -0.170934
215.190000 163.030000 0.0896917
348.870000 162.940000 -0.871219
61.490000 171.980000 -0.291116
243.360000 174.730000 -0.70765
37.710000 176.710000 -0.225256
196.790000 178.670000 -0.58426
25.710000 179.720000 -0.348207
213.190000 181.050000 -0.299556
140.580000 183.520000 0.244216
250.400000 186.410000 -0.877351
8.960000 194.780000 0.952213
225.920000 195.820000 0.555847
208.250000 199.200000 0.0693253
289.210000 199.800000 -0.604189
51.070000 203.070000 -0.14411
103.640000 203.990000 -0.344597
267.190000 205.550000 0.675734
200.840000 211.060000 -0.0466623
120.040000 213.590000 0.137783
178.960000 219.590000 0.0647707
96.440000 225.610000 -1.06772
333.950000 227.630000 -0.248883
313.170000 229.260000 0.599536
259.600000 235.050000 -0.101027
113.460000 235.420000 -0.26982
192.590000 238.310000 -0.257866
6.920000 238.540000 0.463099
61.310000 240.230000 0.215086
151.870000 240.640000 -0.15394
373.330000 241.910000 0.283456
130.830000 247.970000 0.12213
329.690000 250.950000 -0.698336
288.380000 253.000000 0.0919003
219.140000 258.310000 -0.0792877
193.700000 265.630000 -1.09497
106.570000 270.190000 -0.0713197
72.300000 274.060000 0.202493
295.420000 274.600000 -0.291123
156.520000 277.260000 0.00576886
271.140000 278.820000 0.216163
29.100000 279.450000 0.18599
236.270000 280.120000 0.175011
317.540000 280.790000 -0.918051
63.980000 282.740000 0.549996
336.620000 282.970000 1.37027
249.760000 284.580000 -0.249849
112.220000 287.440000 -0.0236604
271.860000 290.670000 -0.0514089
202.680000 291.240000 -0.126642
145.650000 293.770000 0.292141
288.160000 301.580000 -0.129306
121.100000 302.530000 -0.206627
147.660000 310.480000 -0.907746
80.520000 314.440000 -0.0360271
64.220000 319.230000 -0.0596456
383.960000 321.040000 -0.0529241
348.030000 322.150000 -0.0996166
272.110000 326.260000 -0.325221
109.270000 326.780000 -0.218214
19.710000 327.500000 0.0393264
45.430000 329.590000 -0.0704796
216.870000 329.870000 0.409543
159.720000 336.890000 0.0586007
171.690000 339.850000 -0.421124
64.980000 345.660000 -0.353616
124.990000 346.920000 0.105259
238.160000 347.780000 1.14641
398.690000 358.920000 1.01124
425.060000 358.850000 -0.159179
134.590000 361.650000 0.9765
8.230000 362.960000 0.00805957
191.000000 377.010000 -1.26514
103.380000 379.670000 -0.250636
30.880000 384.570000 0.0636294
162.210000 387.370000 1.23372
112.950000 391.390000 0.0927836
397.570000 392.310000 0.976449
370.240000 393.680000 0.285841
148.450000 397.020000 -0.283409
380.530000 404.520000 0.629827
103.830000 404.900000 0.043876
180.880000 407.100000 -0.023186
20.300000 408.180000 0.00250014
135.380000 411.650000 -0.0760877
116.880000 413.780000 0.108505
331.150000 414.850000 0.272261
429.500000 416.220000 -0.00748129
165.140000 418.860000 1.89877
213.960000 422.320000 0.095099
293.300000 424.570000 1.07059
63.970000 427.850000 0.15041
141.720000 428.700000 0.196837
107.890000 430.160000 0.210809
314.780000 431.840000 0.396789
387.110000 432.380000 0.27818
246.710000 433.340000 -0.243751
266.410000 437.230000 1.11935
36.150000 439.910000 0.221606
295.150000 441.980000 -0.337614
327.640000 442.620000 0.125051
