106.040000 1.190000 0.552919
179.120000 4.970000 4.3e-05
123.310000 9.050000 0.152259
303.160000 17.170000 3.64337
156.520000 23.940000 0.554151
250.050000 26.320000 0.48863
104.170000 38.550000 0.73788
256.900000 38.530000 0.0237413
12.930000 39.070000 0.100325
82.300000 41.630000 0.6237
214.230000 41.730000 0.0637834
61.900000 42.270000 0.831411
28.200000 53.390000 0.324283
8.730000 54.850000 0.567217
242.080000 55.520000 0.063987
116.290000 60.840000 0.801231
226.340000 65.780000 -0.997141
133.970000 74.160000 -0.253377
309.890000 78.920000 1.12337
346.280000 82.720000 -0.335993
20.100000 85.320000 0.368203
253.810000 85.090000 1.39368
125.870000 101.860000 -0.386387
23.690000 108.940000 -0.717069
222.240000 110.220000 -0.233511
42.080000 112.740000 0.0855929
94.990000 113.370000 0.0884207
70.820000 113.620000 0.450893
193.030000 115.140000 -0.500151
115.160000 118.850000 -0.274874
258.210000 122.850000 -0.896781
137.310000 123.770000 -1.25581
76.350000 125.040000 0.127172
104.330000 129.250000 -0.122706
434.360000 129.200000 0.769586
160.560000 132.670000 0.00950357
264.340000 134.830000 0.512979
226.590000 136.780000 -0.263217
21.460000 145.340000 1.35347
210.160000 147.950000 0.440206
87.780000 148.640000 -0.0310753
242.190000 149.830000 0.0547367
160.310000 150.800000 0.48789
116.140000 155.170000 0.0970499
333.340000 155.390000 0.29501
131.290000 157.330000 0.374731
46.350000 158.270000 0.193111
254.790000 158.300000 0.211387
189.610000 158.850000 0.00547714
215.360000 162.340000 0.0498571
349.830000 162.260000 -0.886669
75.470000 162.970000 -0.111109
236.260000 167.970000 0.00661571
61.090000 171.180000 -0.211601
243.700000 175.390000 -0.828753
37.250000 178.270000 -0.0632704
196.450000 178.610000 -0.60821
212.000000 180.370000 -0.306339
25.330000 180.620000 -0.235636
139.940000 183.550000 0.173073
250.130000 186.890000 -1.02661
7.960000 194.280000 1.18486
226.910000 195.260000 0.457147
209.630000 198.380000 0.0532664
289.130000 199.670000 -0.711824
51.270000 203.290000 -0.152393
103.700000 204.240000 -0.210373
267.310000 205.350000 0.815134
201.490000 210.760000 -0.0484171
120.200000 213.550000 0.304899
179.290000 219.610000 0.0955654
95.880000 225.550000 -1.0904
334.350000 228.200000 -0.114201
313.160000 229.250000 0.636869
259.800000 235.550000 -0.0164889
113.870000 235.830000 -0.209257
192.960000 237.610000 -0.220187
7.120000 238.770000 0.562187
60.330000 239.560000 0.283523
374.520000 241.040000 0.198604
152.430000 241.730000 -0.179436
130.530000 247.160000 0.00818657
329.160000 251.130000 -0.616306
289.710000 253.690000 0.141342
218.980000 258.690000 -0.0151513
195.750000 265.880000 -1.02379
106.910000 269.080000 -0.0347
295.140000 274.990000 -0.309811
72.450000 276.000000 0.322301
156.730000 277.690000 -0.0549046
271.150000 278.890000 0.110273
30.170000 279.210000 0.197981
236.330000 281.340000 0.265933
317.690000 281.780000 -0.835747
65.290000 283.170000 0.526987
336.740000 283.600000 1.41051
249.400000 286.500000 -0.316634
112.580000 287.210000 0.0160146
272.240000 291.040000 0.0703534
202.200000 291.480000 -0.100767
144.310000 294.230000 0.313129
289.400000 301.090000 -0.002546
120.930000 303.910000 -0.218946
147.350000 309.490000 -0.892364
80.730000 313.590000 -0.0280553
65.150000 320.100000 -0.0480727
383.440000 320.840000 -0.0738609
347.760000 322.030000 -0.047787
272.130000 326.440000 -0.392466
108.910000 327.140000 -0.173579
19.960000 327.780000 0.00608629
216.550000 330.580000 0.449007
46.010000 330.900000 -0.122312
159.290000 338.420000 0.144014
172.680000 339.920000 -0.672739
65.470000 345.410000 -0.393916
125.610000 346.560000 0.174976
237.900000 346.680000 0.968274
354.230000 354.700000 -0.743479
398.710000 359.000000 0.825867
425.100000 359.810000 -0.178713
135.710000 361.950000 0.962283
8.490000 362.210000 -0.0257023
103.240000 377.860000 -0.252239
190.990000 380.580000 -1.23153
31.760000 383.340000 -0.0825157
162.620000 386.720000 1.14443
112.050000 390.960000 0.122788
368.680000 394.650000 0.273789
396.710000 395.420000 0.77017
148.490000 397.050000 -0.201323
103.010000 404.660000 -0.269917
380.260000 405.510000 0.565451
20.460000 407.350000 0.0937101
182.150000 408.020000 0.129075
135.750000 412.700000 0.000898714
116.970000 413.220000 0.199031
331.300000 415.380000 0.282557
429.330000 416.530000 -0.00699129
164.530000 418.530000 2.3551
214.000000 422.340000 0.158143
293.730000 425.690000 1.11262
64.260000 427.100000 0.0423166
97.310000 427.280000 0.124574
108.010000 429.730000 0.222484
141.770000 429.640000 0.398893
315.940000 429.790000 0.459336
387.800000 432.550000 0.311583
241.800000 433.070000 -0.286946
252.260000 436.520000 0.100189
266.470000 437.180000 1.20801
34.410000 438.310000 0.175149
