178.420000 3.650000 0.174166
123.910000 4.140000 -0.0608461
293.680000 6.390000 1.24549
104.620000 16.690000 -0.123661
145.680000 18.610000 0.505359
155.930000 21.890000 0.638724
249.130000 25.640000 -0.114807
57.160000 27.800000 0.218951
11.250000 37.370000 0.452509
105.220000 37.940000 -0.166277
80.260000 40.050000 0.269526
255.660000 40.100000 -0.267931
1.330000 48.160000 0.00916771
211.760000 52.880000 -0.101562
30.600000 53.680000 0.443014
239.370000 56.210000 -0.0946083
11.310000 58.030000 0.454333
118.360000 63.370000 0.39782
130.690000 73.870000 0.127066
228.160000 80.840000 -0.657807
304.430000 83.420000 0.160836
344.770000 83.780000 -0.0573141
253.770000 86.180000 0.8672
12.920000 88.710000 0.307316
435.260000 89.560000 0.765679
75.770000 98.960000 0.277309
122.780000 99.700000 -0.326534
27.310000 100.490000 -0.653286
64.340000 102.660000 -0.0146451
112.360000 110.680000 0.0457407
223.890000 110.720000 -0.0600866
193.390000 111.510000 -0.195599
38.820000 113.610000 0.187791
21.770000 118.530000 -0.237377
93.450000 118.790000 -0.0381184
136.050000 119.460000 -0.709944
162.920000 131.050000 -0.628784
257.150000 131.840000 -0.90119
239.920000 136.820000 -0.291607
268.600000 137.070000 0.346509
225.370000 139.540000 -0.133695
190.150000 140.320000 0.242317
212.110000 143.250000 0.177494
90.680000 143.720000 -0.114437
157.470000 144.860000 0.696719
119.040000 146.770000 0.0860901
43.050000 150.050000 0.134895
25.260000 152.440000 0.933041
132.680000 153.870000 0.614083
78.040000 158.680000 -0.0195059
331.200000 159.420000 0.560629
260.890000 160.590000 0.361639
216.990000 163.840000 -0.0310336
349.330000 165.470000 -0.0699654
233.640000 167.170000 0.632847
63.850000 170.620000 0.0554833
242.310000 176.470000 -0.368643
24.280000 178.630000 -0.187311
40.070000 178.550000 -0.0614103
195.210000 178.730000 -0.54856
139.300000 181.330000 0.232706
249.500000 185.210000 -0.602489
228.620000 193.290000 0.491043
14.260000 195.420000 0.631446
207.740000 197.590000 0.0327636
287.640000 197.770000 -0.502213
52.850000 198.170000 -0.183781
101.530000 200.100000 -0.0505373
264.720000 202.710000 0.257754
119.690000 209.520000 -0.063365
201.830000 210.210000 -0.14471
177.440000 219.170000 0.089723
332.760000 221.510000 0.218737
186.030000 222.650000 -0.0990353
97.220000 223.410000 -0.178633
255.310000 224.470000 -0.36064
111.640000 226.040000 -0.148564
7.450000 239.550000 0.0695057
61.890000 240.650000 -0.1779
148.640000 243.130000 -0.0962971
371.560000 244.470000 -0.0208383
327.660000 246.890000 0.557761
129.990000 248.390000 -0.124832
288.710000 254.470000 -0.150784
218.790000 259.220000 -0.353074
105.850000 269.890000 -0.102452
294.290000 273.030000 0.0403149
192.380000 275.580000 -0.549381
315.200000 275.850000 -0.955274
72.140000 276.200000 0.157839
157.990000 276.370000 0.129891
234.370000 276.770000 0.099178
270.650000 278.800000 0.178624
25.090000 280.900000 0.0444164
335.280000 282.470000 0.594386
201.030000 284.680000 0.189039
253.030000 287.240000 0.0361293
60.080000 289.450000 0.0900814
271.210000 289.760000 0.30932
123.620000 290.260000 -0.113402
138.360000 292.420000 0.260017
284.300000 305.190000 -0.142517
147.910000 308.040000 -0.614086
75.180000 310.750000 -0.0448963
65.040000 314.150000 0.0792829
381.830000 319.260000 -0.148954
345.720000 322.100000 0.0357876
110.260000 325.350000 0.277721
268.470000 326.250000 -0.165389
20.300000 327.260000 -0.00288029
212.310000 327.650000 0.19264
159.300000 341.830000 0.0857956
50.180000 341.920000 0.00808986
70.730000 343.540000 -0.0152179
123.600000 343.260000 -0.051572
174.040000 346.060000 -0.174471
238.070000 351.500000 0.528353
423.880000 358.370000 -0.750344
135.010000 358.860000 0.132774
397.890000 358.750000 0.860603
185.360000 373.240000 -0.529641
104.210000 376.110000 -0.0797279
33.020000 382.000000 -0.138821
164.150000 383.120000 1.03144
126.000000 384.530000 0.664399
102.330000 390.620000 -0.690786
394.290000 390.960000 0.585143
364.440000 391.340000 0.234077
113.790000 394.080000 0.213429
146.870000 396.640000 -0.0687631
164.270000 399.250000 -0.670904
20.700000 404.720000 0.0757843
129.970000 404.940000 0.0840974
177.850000 406.630000 -0.0467097
381.330000 406.490000 0.595677
145.910000 415.900000 0.0183046
430.230000 416.410000 0.104657
117.320000 416.750000 0.172186
327.140000 416.920000 -0.121989
172.360000 418.320000 0.497586
307.870000 420.590000 -0.881346
161.290000 421.150000 0.0603964
213.090000 422.150000 -0.231637
294.700000 422.250000 0.0789734
69.460000 424.850000 0.0330047
267.430000 428.520000 0.120473
241.370000 431.780000 -0.27425
255.830000 432.070000 -0.0448834
106.670000 433.640000 0.0886121
387.370000 434.270000 0.12369
301.590000 438.450000 1.69243
230.170000 439.030000 0.342484
21.490000 439.330000 0.514423
326.920000 441.840000 0.156977
