123.730000 4.400000 0.0270377
297.800000 8.070000 1.25258
103.970000 15.830000 -0.0395311
155.900000 21.890000 0.641387
56.490000 26.510000 -0.00143986
249.990000 26.210000 -0.0178087
10.250000 36.280000 0.187187
104.740000 37.700000 -0.187907
80.650000 39.890000 0.305777
256.840000 39.760000 -0.136263
5.170000 49.600000 -0.179387
213.190000 52.290000 -0.1431
29.390000 53.750000 0.432327
240.130000 55.190000 -0.0720493
12.300000 55.840000 0.677557
116.850000 62.970000 0.147569
129.080000 73.210000 -0.0678399
226.870000 78.950000 -0.534864
304.050000 84.000000 -0.00456143
344.660000 83.920000 -0.092435
253.910000 84.740000 0.977361
13.130000 88.220000 0.396216
439.380000 91.990000 0.721716
25.710000 99.860000 -0.897654
122.280000 99.800000 -0.175864
64.600000 105.300000 1.05088
224.540000 110.330000 -0.028189
110.840000 110.720000 0.167
193.830000 110.440000 -0.187803
40.150000 111.760000 0.180356
19.510000 116.270000 -0.349871
93.860000 118.590000 0.0377936
135.670000 118.710000 -0.568297
260.710000 125.430000 -0.896891
163.070000 131.300000 -0.526946
268.350000 132.260000 0.631003
238.680000 136.780000 -0.339753
190.470000 139.910000 0.242793
225.810000 140.170000 0.083004
212.260000 143.580000 0.0500446
90.230000 143.850000 -0.175057
157.520000 145.110000 0.752249
118.590000 146.270000 0.0381531
44.140000 149.890000 0.120334
25.960000 152.210000 1.3921
133.210000 154.020000 0.498997
78.120000 158.170000 -0.0600159
329.500000 159.090000 0.539004
260.930000 160.370000 0.380314
216.630000 163.280000 -0.0923591
350.260000 164.120000 -0.310139
62.030000 166.030000 -0.0198601
234.110000 167.180000 0.13774
243.030000 176.600000 -0.32926
40.180000 178.500000 -0.113803
195.740000 179.050000 -0.56151
24.300000 179.370000 -0.307047
139.530000 181.200000 0.176286
249.670000 184.640000 -0.538936
228.590000 193.180000 0.553906
13.490000 194.720000 0.479834
287.710000 197.570000 -0.396183
52.650000 197.650000 -0.166961
208.720000 198.010000 0.0282041
101.530000 199.860000 -0.203121
265.950000 202.240000 0.272556
119.880000 209.830000 -0.132969
202.110000 210.150000 -0.131355
177.510000 219.180000 0.0297059
332.880000 221.500000 0.06182
97.600000 223.970000 -0.302804
255.580000 224.150000 -0.207163
111.530000 226.200000 -0.247557
7.490000 239.300000 0.113831
62.120000 240.530000 -0.129122
148.240000 243.420000 -0.0945316
371.770000 244.260000 0.0495386
327.920000 246.530000 0.51158
130.210000 248.460000 0.0283823
288.630000 254.240000 -0.00585229
218.960000 259.630000 -0.0886703
105.850000 269.130000 -0.185551
294.250000 272.810000 0.293264
314.720000 275.730000 -0.796676
71.970000 276.080000 0.510544
157.940000 276.340000 0.136106
196.000000 276.110000 -0.554906
234.660000 277.100000 0.170004
270.740000 278.610000 0.0915914
25.580000 281.340000 0.0366506
335.350000 282.290000 0.62599
113.300000 286.150000 -0.256123
252.770000 288.050000 -0.118504
203.130000 288.940000 0.387123
271.290000 289.590000 0.121352
60.540000 290.550000 0.0856819
123.560000 290.890000 -0.111061
138.600000 292.760000 0.224467
284.640000 305.040000 -0.211601
146.530000 307.120000 -0.611147
74.840000 310.640000 -5.05714e-05
64.940000 314.500000 0.0192163
381.880000 319.580000 -0.0941766
345.760000 321.900000 0.110777
110.260000 325.720000 0.101467
268.680000 326.000000 -0.0373689
212.460000 327.320000 0.149059
21.250000 327.920000 0.0193811
50.000000 338.500000 -0.04652
159.190000 341.740000 0.274173
123.370000 343.000000 -0.167026
70.230000 344.080000 -0.0775389
175.170000 346.090000 -0.28665
237.750000 351.200000 0.732659
422.150000 358.380000 -0.875211
134.670000 358.610000 0.0358086
397.860000 358.620000 0.685
0.730000 361.850000 0.118455
187.220000 375.920000 -0.640083
104.870000 376.970000 0.0780754
164.320000 383.000000 1.05157
33.710000 384.250000 -0.12929
126.990000 385.700000 -0.298673
364.220000 390.780000 0.135801
394.100000 391.530000 0.498617
103.310000 392.150000 0.456764
114.220000 392.600000 -0.253669
146.990000 396.530000 -0.070111
164.660000 399.670000 0.439077
129.890000 404.080000 0.0810203
20.700000 404.730000 0.236416
381.310000 406.360000 0.520411
177.840000 407.380000 0.0438057
116.480000 414.330000 0.121702
327.540000 416.640000 -0.0885133
430.760000 417.660000 -0.001626
172.030000 418.830000 0.197989
161.510000 419.720000 0.202683
213.140000 422.090000 -0.191531
142.210000 423.470000 -0.00142686
293.800000 424.720000 0.364693
69.670000 425.370000 -0.020323
97.080000 427.940000 -0.465907
267.780000 428.550000 0.178056
240.820000 431.860000 -0.0465744
256.150000 431.840000 0.00341029
107.330000 432.340000 -0.0162449
387.190000 434.200000 0.069474
230.520000 437.980000 -0.403864
327.260000 441.880000 -0.160729
