101.320000 1.020000 0.515676
179.860000 4.590000 0.070472
123.260000 8.840000 0.329496
300.750000 15.940000 3.06847
157.430000 23.140000 0.601751
145.410000 26.480000 1.14882
248.600000 26.290000 0.538309
257.600000 37.180000 -0.139492
104.210000 38.220000 0.592156
11.980000 39.010000 0.609886
81.120000 40.730000 0.714784
213.970000 40.750000 -0.0459377
61.240000 41.900000 1.02935
5.470000 51.710000 0.384201
27.030000 52.140000 0.49897
242.140000 54.180000 0.0938944
12.370000 58.830000 0.63785
117.130000 59.790000 0.630227
228.870000 65.330000 -1.01898
132.560000 74.360000 -0.207576
346.320000 81.860000 -0.369493
254.370000 85.280000 1.50613
18.870000 85.920000 0.347647
305.030000 87.980000 0.683381
123.280000 101.350000 -0.40568
29.680000 106.580000 -1.23532
225.990000 110.730000 -0.395219
192.910000 114.180000 -0.556287
40.570000 114.630000 0.083496
96.730000 115.520000 0.150267
113.540000 115.680000 -0.15289
135.380000 118.160000 -1.3163
260.170000 121.380000 -0.64776
74.540000 121.610000 0.0823473
434.490000 122.160000 0.845771
162.140000 133.020000 -0.103536
105.050000 134.330000 -0.257554
263.920000 134.420000 0.705649
222.840000 138.980000 -0.179923
19.790000 141.300000 1.46066
210.770000 146.060000 0.262844
86.760000 146.880000 -0.122178
240.710000 147.140000 0.0639929
160.010000 148.340000 0.219044
26.770000 152.810000 1.6372
117.290000 154.040000 0.0768419
334.060000 154.160000 0.409126
48.250000 155.340000 0.0552349
133.480000 156.280000 0.392161
255.220000 158.090000 0.389329
74.280000 158.900000 -0.169397
190.250000 160.050000 -0.00180014
348.090000 161.950000 -0.979676
215.600000 162.630000 0.172513
63.200000 172.990000 -0.305171
242.780000 174.470000 -0.578747
38.290000 176.880000 -0.227947
25.700000 179.540000 -0.396941
197.350000 179.500000 -0.56083
214.240000 181.030000 -0.234031
141.250000 182.830000 0.227643
250.100000 185.890000 -0.750619
9.810000 194.230000 0.788153
230.250000 195.940000 0.700761
207.430000 199.240000 0.0907156
289.060000 199.370000 -0.455276
50.840000 202.770000 -0.19836
103.880000 203.360000 -0.2997
267.080000 204.900000 0.655244
201.600000 210.840000 -0.0812804
120.450000 213.140000 0.112493
178.900000 219.490000 0.00952814
96.790000 226.120000 -0.967381
334.020000 227.000000 -0.33851
313.140000 229.310000 0.54964
259.020000 234.620000 -0.263199
113.510000 235.950000 -0.2221
193.690000 237.520000 -0.266189
7.900000 239.250000 0.330001
152.190000 239.960000 -0.178651
61.250000 241.040000 0.125815
372.770000 244.170000 0.138571
130.310000 248.240000 0.147494
330.160000 251.040000 -0.599226
288.670000 252.370000 0.0874013
219.380000 257.370000 0.0521771
193.560000 266.130000 -1.06767
107.210000 268.620000 -0.090045
295.400000 274.290000 -0.236377
156.340000 278.180000 0.0423103
235.970000 278.380000 0.138014
271.100000 278.970000 0.135051
317.520000 279.490000 -0.949053
30.490000 280.620000 0.203051
66.340000 282.510000 0.770257
336.470000 282.690000 1.37824
112.400000 285.910000 -0.079904
250.250000 285.830000 -0.157306
271.790000 290.610000 -0.0288784
202.520000 291.270000 -0.112175
145.810000 293.710000 0.35996
120.730000 300.960000 -0.216656
287.850000 301.590000 -0.00887171
147.570000 310.220000 -0.852293
80.690000 313.630000 -0.0554236
65.090000 318.570000 -0.131455
348.190000 322.340000 -0.170063
382.540000 322.360000 -0.22064
271.760000 326.090000 -0.395591
109.950000 326.530000 -0.347567
20.460000 326.950000 -0.00917986
45.660000 329.620000 -0.0441659
216.860000 329.570000 0.246854
159.690000 336.930000 0.0271749
171.610000 339.330000 -0.363461
66.510000 346.290000 -0.357939
124.780000 346.280000 -0.0394781
238.030000 349.970000 1.14325
398.740000 358.940000 1.08471
134.740000 360.860000 0.838656
425.260000 362.820000 -0.2379
8.160000 364.450000 -0.0469364
191.500000 375.980000 -1.11443
103.230000 376.750000 -0.071742
30.880000 386.100000 -0.109258
161.950000 388.910000 1.1014
125.250000 389.330000 0.0786883
113.220000 391.260000 0.11512
371.550000 392.230000 0.235033
395.730000 393.640000 0.982756
148.400000 397.000000 -0.366881
101.010000 402.140000 0.854534
382.170000 404.840000 0.62166
180.590000 405.950000 0.156533
20.120000 406.500000 -0.254021
134.780000 412.080000 -0.196837
116.910000 414.160000 0.0506223
429.250000 416.910000 -0.0231611
329.450000 418.150000 0.242984
302.910000 418.560000 -0.162499
164.930000 418.900000 1.60266
214.000000 422.320000 0.192633
65.970000 426.590000 0.0663061
291.890000 426.710000 1.1069
142.380000 428.100000 0.0998353
109.060000 430.040000 0.161433
246.170000 430.550000 -0.431257
385.740000 432.670000 0.275724
314.650000 433.550000 0.369813
266.110000 436.840000 0.935127
34.980000 438.390000 0.193119
229.110000 442.080000 -0.253561
329.360000 442.560000 -0.23212
