123.810000 5.930000 -0.325569
295.720000 12.130000 1.20208
142.800000 15.020000 0.571729
105.060000 15.500000 -0.0788176
156.170000 22.670000 0.569587
248.820000 27.790000 0.0381927
57.650000 31.000000 -0.131248
9.110000 37.840000 0.399707
104.520000 38.190000 0.14962
80.330000 38.940000 0.3282
257.700000 40.000000 -0.359843
212.180000 49.910000 0.0142911
6.200000 52.590000 0.170503
240.840000 52.520000 -0.0704671
28.420000 53.610000 0.413316
12.650000 58.320000 -0.062662
118.240000 61.180000 0.239863
130.990000 74.740000 0.0939883
225.500000 78.910000 -0.586707
345.210000 82.850000 0.0234486
253.660000 85.230000 0.829924
306.230000 85.050000 -0.188919
13.290000 86.840000 0.197827
431.650000 96.990000 0.74017
121.550000 99.550000 -0.212559
30.340000 103.300000 -0.72781
111.540000 110.680000 0.0671786
193.570000 111.690000 -0.218007
224.740000 112.060000 -0.13835
39.790000 113.330000 -0.041708
21.510000 117.470000 -0.736117
96.250000 118.340000 0.183376
135.110000 118.310000 -0.954223
73.240000 124.730000 0.196254
258.860000 130.720000 -0.531559
15.220000 131.090000 0.937581
162.730000 132.230000 -0.18783
239.240000 133.720000 -0.160599
268.440000 137.620000 0.331444
189.530000 139.870000 0.0653256
227.420000 143.610000 0.264257
212.010000 144.530000 -0.0665916
88.780000 145.020000 -0.00360857
157.760000 145.750000 0.778506
118.530000 148.640000 0.0275409
45.610000 149.820000 0.123248
26.180000 153.340000 1.17373
333.640000 153.740000 0.637833
132.040000 155.060000 0.37654
260.850000 160.840000 0.282709
216.070000 162.800000 0.139267
79.830000 162.860000 0.0348701
345.440000 162.910000 -0.518964
62.280000 166.030000 -0.0731974
234.310000 167.850000 -0.108231
241.680000 175.360000 -0.340961
40.300000 176.960000 -0.16409
196.430000 179.940000 -0.605279
26.210000 180.600000 -0.284571
141.240000 181.610000 0.0778544
249.680000 185.450000 -0.783779
227.020000 190.640000 0.699376
12.430000 195.860000 0.693873
207.520000 197.770000 0.0307436
287.910000 197.820000 -0.060775
52.880000 199.390000 -0.359403
101.910000 199.700000 0.174117
267.420000 202.790000 0.166436
120.070000 210.910000 0.323069
202.560000 210.970000 -0.101363
177.820000 219.400000 -0.222154
332.530000 221.720000 -0.0713193
256.130000 224.230000 0.0102214
97.240000 224.320000 -0.397811
110.790000 228.320000 -0.0964193
7.370000 238.740000 0.212346
62.810000 240.470000 -0.093507
372.580000 243.560000 -0.0799719
327.140000 246.280000 0.0516829
140.390000 250.910000 -0.114606
287.740000 253.680000 0.029407
218.300000 259.580000 -0.27034
192.140000 264.590000 -0.863553
107.500000 268.450000 -0.0787499
294.310000 273.340000 -0.0896071
317.010000 275.540000 -1.09679
234.420000 276.230000 0.0372541
157.840000 277.240000 -0.115969
270.660000 278.570000 0.192264
72.560000 279.260000 0.314736
335.390000 282.090000 0.9338
27.930000 284.020000 -0.0804289
61.810000 284.070000 0.149043
250.300000 287.550000 -0.11731
202.870000 288.630000 0.413386
271.270000 289.750000 0.105114
138.720000 292.110000 0.409829
122.560000 292.430000 -0.179034
285.220000 305.080000 -0.105651
147.060000 307.600000 -0.549419
77.710000 309.950000 -0.0738609
64.480000 315.090000 -0.0553363
381.410000 318.820000 -0.005202
345.800000 321.970000 -0.0145431
110.720000 325.140000 0.0950657
268.960000 325.740000 -0.0812291
215.240000 325.900000 0.179053
17.770000 328.130000 0.00650986
52.830000 338.470000 -0.0638167
159.210000 340.070000 0.0758376
68.680000 343.570000 -0.0619511
123.730000 343.570000 -0.250641
174.560000 346.070000 -0.155991
237.630000 351.310000 0.95022
134.750000 357.220000 -0.088167
397.970000 358.600000 0.512284
422.100000 359.010000 -0.738257
103.910000 376.110000 -0.0471791
188.510000 378.230000 -0.811364
164.050000 383.190000 1.12848
123.910000 386.220000 -0.181133
31.650000 387.620000 -0.104072
365.030000 390.540000 0.160527
394.810000 390.890000 0.437009
105.930000 394.770000 0.610667
147.520000 396.200000 -0.255494
166.600000 396.220000 0.187371
179.600000 403.840000 0.323061
20.890000 404.370000 0.0125264
131.740000 406.130000 -0.0515681
381.430000 406.890000 0.521149
165.420000 412.860000 0.0811784
116.530000 415.250000 0.0500297
327.490000 416.730000 0.400133
429.470000 417.900000 0.323771
213.480000 421.740000 0.144279
66.490000 422.320000 -0.0210926
98.180000 424.000000 0.240587
293.050000 424.450000 0.181829
142.230000 428.250000 0.125807
106.340000 428.510000 0.00493557
23.220000 429.060000 -0.052418
265.250000 430.210000 0.459181
260.070000 430.430000 -0.585156
386.170000 434.180000 0.423676
231.220000 438.420000 -0.0668851
