125.210000 4.650000 -0.0890331
295.100000 10.210000 1.15995
142.910000 17.020000 0.185746
100.380000 20.990000 -0.479366
156.300000 22.400000 0.646709
249.900000 23.770000 -0.192956
57.350000 26.050000 0.0886633
106.270000 38.590000 -0.427669
10.670000 39.120000 0.507724
81.710000 40.000000 -0.0240194
255.090000 40.060000 -0.308323
210.540000 49.620000 -0.00599171
32.360000 55.150000 0.424497
239.590000 55.020000 -0.215064
11.110000 58.630000 0.0102873
118.560000 65.040000 0.575293
131.440000 75.120000 0.0844516
227.310000 78.620000 -0.674229
343.710000 83.320000 0.138172
304.740000 85.220000 0.857209
252.970000 85.380000 0.685134
19.070000 90.170000 0.0324831
122.340000 98.310000 -0.284966
30.520000 107.690000 -0.132185
75.690000 108.560000 0.333167
196.490000 110.360000 -0.15977
110.640000 110.530000 -0.0516986
65.720000 113.110000 0.269746
227.880000 114.590000 0.197274
136.090000 119.820000 -0.548089
93.940000 120.560000 -0.00745243
14.500000 123.510000 -0.540076
36.400000 123.680000 0.0950639
257.850000 127.620000 -0.232979
21.480000 132.650000 0.0568926
229.740000 132.940000 -0.659281
161.660000 135.280000 -0.244143
269.170000 135.440000 0.256866
103.980000 138.910000 -0.10552
189.440000 139.060000 0.211664
241.820000 140.810000 0.0700137
211.750000 141.550000 0.339574
90.260000 143.430000 -0.0312316
157.820000 144.400000 0.330841
119.860000 147.300000 0.116176
42.990000 148.850000 0.110602
133.590000 154.470000 0.736591
21.630000 155.720000 0.54312
258.950000 158.640000 0.0521311
329.630000 159.680000 0.405654
61.510000 163.200000 -0.00358171
206.760000 163.710000 -0.144391
80.810000 164.560000 -0.0997944
234.730000 167.270000 0.113568
350.470000 167.690000 -0.00527243
38.020000 176.510000 -0.141538
213.110000 177.610000 -0.00145743
194.000000 179.030000 -0.328256
19.710000 180.770000 -0.0332781
137.770000 181.650000 0.252901
249.490000 185.120000 -0.580866
226.660000 191.290000 0.265864
205.660000 196.510000 0.008678
51.970000 197.540000 -0.265119
287.280000 197.830000 -0.273224
12.010000 199.690000 0.511379
101.510000 200.650000 -0.187504
264.520000 208.060000 0.30042
120.500000 209.980000 -0.104075
178.410000 219.440000 0.00562786
96.040000 220.930000 -0.196796
332.500000 221.940000 -0.0849651
186.890000 222.050000 0.132646
112.110000 225.090000 -0.154047
8.120000 239.100000 0.049493
62.860000 240.770000 -0.112436
369.830000 244.760000 -0.239916
327.450000 247.250000 0.392649
130.290000 247.920000 -0.100293
288.670000 253.330000 -0.157357
218.000000 258.180000 -0.556976
109.040000 265.650000 -0.0626649
193.560000 268.640000 -0.422409
294.080000 272.630000 -0.11067
71.830000 274.740000 0.550369
158.030000 275.450000 0.0917319
233.670000 276.720000 0.4904
316.410000 277.270000 -0.689213
270.450000 278.560000 0.244271
25.240000 281.230000 -0.0374953
334.840000 282.340000 0.739527
113.720000 284.070000 -0.0734179
253.300000 285.130000 -0.10118
271.130000 289.250000 0.164006
62.900000 289.990000 0.217121
123.470000 289.900000 -0.0166713
194.490000 290.680000 0.0704253
142.540000 304.900000 -0.40956
284.760000 305.580000 -0.2254
76.340000 310.290000 0.0109873
64.950000 313.960000 0.0814823
381.580000 319.020000 0.31266
344.450000 322.060000 -0.0629104
110.530000 326.290000 0.0460097
267.990000 326.220000 -0.113986
17.770000 326.650000 0.0361719
212.200000 328.000000 0.30487
180.760000 337.700000 -0.31228
48.420000 341.680000 0.14968
159.050000 341.600000 0.0743076
123.510000 342.930000 -0.0897709
72.660000 343.860000 0.192706
238.630000 349.770000 0.561589
136.680000 357.360000 -0.362986
397.540000 358.590000 0.679244
420.020000 360.280000 -0.633683
175.500000 363.380000 -0.0631164
189.050000 374.720000 -0.626853
105.390000 375.800000 -0.016773
164.900000 382.000000 1.08034
124.680000 383.950000 -0.0890361
36.230000 386.800000 -0.0434979
368.630000 386.870000 0.374944
113.660000 390.720000 -0.054501
393.840000 390.740000 0.423624
146.990000 396.410000 -0.323959
162.980000 397.890000 0.629904
19.770000 403.650000 -0.0147146
127.820000 403.580000 -0.0994547
111.950000 404.050000 0.084858
380.940000 405.840000 0.75205
177.620000 406.440000 0.385413
431.800000 416.220000 -0.425661
326.970000 416.550000 0.0477271
173.240000 418.070000 -0.0977386
120.650000 421.510000 0.0484817
212.840000 421.690000 -0.11809
161.120000 421.880000 -0.0721459
137.870000 422.200000 -0.113358
69.940000 423.040000 0.160216
293.600000 422.960000 -0.115454
310.000000 427.710000 0.383781
267.460000 428.740000 0.392184
108.740000 429.860000 0.0850653
242.110000 430.900000 0.231344
256.650000 431.830000 -0.470413
387.640000 433.580000 0.106221
300.890000 439.640000 -0.0488663
229.610000 440.320000 0.262246
