178.060000 3.260000 0.133828
124.690000 4.500000 -0.234253
295.950000 11.050000 1.34248
142.680000 15.860000 0.534961
100.880000 20.190000 -0.65285
156.080000 22.190000 0.631924
250.140000 23.610000 -0.338183
56.950000 25.990000 0.292566
105.930000 37.800000 -0.38466
10.940000 37.990000 -0.149497
255.050000 39.920000 -0.338667
81.260000 41.430000 0.129074
210.400000 49.960000 0.0322106
31.890000 55.470000 0.465201
239.410000 55.670000 -0.220953
11.080000 57.980000 0.424481
117.660000 66.070000 0.605294
130.690000 74.910000 0.108415
226.240000 78.770000 -0.718709
343.980000 82.340000 0.0828676
304.550000 83.120000 1.00979
253.430000 85.640000 0.659153
19.120000 89.820000 0.144383
124.230000 96.730000 -0.418961
27.810000 105.220000 -0.273164
113.660000 107.460000 -0.0568109
196.390000 109.470000 -0.252894
78.830000 112.800000 -0.19279
68.410000 113.890000 0.0359904
227.730000 113.950000 0.0764774
93.840000 119.640000 -0.0186761
135.760000 119.510000 -0.559724
17.300000 120.940000 0.0778237
36.300000 121.660000 0.126975
227.990000 132.580000 -0.528857
25.870000 132.870000 1.15832
256.460000 133.870000 -0.317366
161.400000 135.480000 -0.334079
269.510000 136.400000 0.470204
240.500000 137.600000 -0.0471774
106.290000 139.450000 0.313903
189.320000 139.310000 0.32462
211.520000 141.920000 0.490299
90.130000 143.520000 0.00178386
119.560000 147.100000 0.220869
42.550000 149.100000 0.112032
134.350000 153.850000 0.92229
21.570000 154.820000 0.0593466
79.830000 158.560000 -0.0472494
259.580000 159.090000 0.0733081
329.860000 159.600000 0.521141
206.090000 162.780000 -0.361629
61.590000 162.860000 0.007319
234.380000 166.690000 0.0708456
351.150000 167.540000 0.168391
37.990000 176.700000 -0.0796877
213.180000 177.690000 0.12586
194.320000 178.410000 -0.386103
20.120000 180.240000 -0.0955284
138.540000 182.230000 0.413166
249.390000 184.850000 -0.606567
226.610000 191.420000 0.44619
205.520000 196.450000 0.0654959
51.830000 197.890000 -0.112744
287.190000 197.670000 -0.429287
11.520000 200.030000 0.577867
101.490000 200.350000 -0.14917
264.330000 207.010000 0.229254
120.040000 209.930000 -0.0768944
177.800000 219.200000 0.0425517
95.990000 221.320000 -0.176161
186.640000 221.790000 -0.585537
332.320000 221.720000 0.0214741
111.840000 225.250000 -0.138442
7.900000 239.200000 0.0345963
62.530000 241.040000 -0.0898316
369.800000 244.650000 -0.402431
327.430000 246.850000 0.460527
130.160000 248.000000 -0.199029
288.650000 253.240000 -0.0644287
217.970000 258.130000 -0.559851
108.210000 267.460000 -0.104735
194.750000 269.640000 -0.41327
294.170000 272.620000 -0.097994
72.010000 274.680000 0.188677
157.910000 275.690000 0.042711
233.710000 276.140000 0.522253
316.270000 276.760000 -0.756274
270.440000 278.410000 0.132529
25.210000 281.440000 0.0482703
334.830000 282.100000 0.775337
113.300000 284.680000 0.287439
252.730000 285.630000 0.114951
123.080000 289.080000 -0.0740573
270.980000 289.260000 0.134469
62.030000 290.450000 0.148359
197.620000 292.210000 -0.0311376
284.540000 305.410000 -0.337944
143.430000 306.440000 -0.52771
76.280000 311.100000 -0.0197071
64.590000 313.550000 0.132521
381.590000 318.860000 0.359807
345.090000 321.550000 -0.0335359
110.420000 326.080000 0.00733057
268.040000 326.000000 0.0736549
18.280000 327.160000 -0.0134869
212.190000 327.810000 0.358829
179.670000 335.960000 -0.366576
158.830000 341.360000 0.26324
47.720000 341.630000 0.0844336
123.590000 342.800000 -0.103056
71.680000 343.430000 0.0706704
238.620000 350.120000 0.559997
135.870000 357.550000 -0.212904
397.400000 358.440000 0.710464
421.260000 358.620000 -0.694307
175.260000 364.450000 0.05749
189.460000 374.720000 -0.780494
105.520000 375.540000 -0.0610783
164.720000 382.230000 1.06074
123.930000 384.330000 0.13923
113.190000 387.830000 0.268044
393.610000 390.690000 0.424071
36.670000 391.100000 -0.0736089
364.010000 391.530000 0.394236
146.870000 396.460000 -0.293487
162.530000 397.750000 -0.308484
113.160000 402.080000 0.0723213
128.550000 403.330000 -0.0141624
19.480000 404.530000 0.0356977
381.030000 405.650000 0.71253
177.000000 406.090000 0.357817
326.840000 416.390000 0.0501897
431.860000 416.220000 -0.519777
172.970000 418.280000 0.391999
119.700000 419.630000 0.132315
140.220000 420.930000 -0.0360174
212.740000 421.730000 -0.0232656
160.920000 421.830000 0.00291414
69.290000 423.830000 0.214151
293.670000 424.220000 -0.0618717
311.030000 426.340000 0.128297
267.390000 428.630000 0.338993
107.000000 430.340000 0.162383
241.970000 430.720000 0.0806044
256.090000 431.810000 -0.29526
387.430000 433.480000 0.105135
229.750000 439.620000 -0.0674201
325.960000 441.620000 0.33456
