63.160000 3.070000 0.797081
261.290000 5.530000 0.86949
101.990000 5.510000 1.92409
179.310000 8.090000 0.02883
123.750000 8.410000 1.10546
308.930000 17.770000 3.06233
156.840000 24.940000 0.635551
250.590000 28.570000 -0.265093
144.780000 30.590000 0.501806
12.540000 40.070000 0.350241
257.610000 40.360000 -0.519147
82.980000 41.030000 0.522203
214.030000 43.720000 -0.34329
109.010000 47.180000 0.105102
62.480000 47.710000 0.162037
22.660000 50.480000 0.350826
242.520000 55.170000 -0.0175387
12.640000 61.520000 0.295929
228.370000 64.370000 -0.717071
121.840000 69.250000 0.33504
316.740000 74.750000 1.49133
139.570000 77.840000 -0.503597
251.940000 87.330000 0.561033
342.520000 87.620000 -0.207531
20.740000 88.170000 -0.307763
85.620000 94.360000 0.419116
129.410000 105.890000 -0.3784
222.560000 109.150000 -0.230791
70.950000 112.920000 -0.247951
25.810000 113.660000 -0.905947
111.660000 115.280000 -0.531736
41.990000 116.020000 -0.114773
81.210000 118.840000 0.218906
195.180000 121.450000 -0.184794
23.080000 124.870000 -0.0575699
140.460000 128.630000 -0.86932
103.450000 129.520000 0.144879
161.970000 132.790000 -0.334959
248.780000 135.850000 -0.929077
18.650000 139.740000 1.04573
225.720000 140.510000 -0.138032
261.540000 141.560000 0.136192
159.160000 149.590000 0.596247
85.430000 149.980000 0.0725666
208.770000 149.890000 0.535971
353.830000 150.450000 0.0649114
242.420000 153.030000 0.330716
28.640000 153.400000 0.528337
111.380000 158.430000 0.1396
191.200000 158.720000 -0.246203
332.020000 158.800000 0.184899
40.600000 160.210000 0.135101
216.610000 162.930000 0.196137
127.700000 163.800000 0.142473
258.120000 164.670000 0.482486
211.200000 176.160000 -0.45769
249.930000 176.590000 -1.14656
25.970000 179.180000 -0.466599
195.930000 181.870000 -0.742251
36.620000 182.180000 0.133559
68.300000 184.020000 -0.349579
139.360000 184.420000 0.230233
250.220000 189.590000 -0.834999
6.970000 195.810000 1.09887
225.060000 196.490000 0.641316
208.860000 198.770000 0.104345
289.170000 199.940000 -0.96051
56.030000 205.600000 0.279849
103.640000 206.560000 -0.30156
267.200000 206.580000 0.833344
199.530000 209.830000 0.0668694
120.680000 215.260000 0.289186
180.120000 222.340000 0.300244
95.850000 227.610000 -1.12553
335.170000 228.780000 0.379906
361.820000 234.050000 0.796793
259.220000 235.490000 0.333497
112.290000 235.850000 -0.194106
311.330000 237.800000 0.47894
8.160000 238.100000 0.811414
193.420000 238.930000 0.040835
61.640000 239.540000 0.44031
147.280000 244.290000 -0.0286574
131.360000 247.600000 -0.0858837
328.660000 251.880000 -0.625857
288.760000 254.840000 -0.26274
217.820000 258.290000 -0.205779
203.080000 265.650000 -0.139379
189.270000 268.320000 -0.594246
107.790000 269.670000 -0.00642957
294.840000 276.120000 -0.457104
156.550000 278.180000 0.0677019
73.910000 278.640000 0.117653
270.500000 279.750000 0.196567
236.410000 280.460000 0.31233
248.780000 284.140000 -0.249813
337.080000 284.290000 1.32084
66.310000 285.680000 0.145619
318.540000 286.290000 -0.664077
112.990000 286.710000 -0.0135716
200.990000 290.090000 -0.123189
272.340000 292.500000 -0.027212
34.590000 293.440000 0.317859
141.620000 305.930000 -0.810131
286.300000 308.090000 -0.11599
121.090000 309.510000 -0.297863
79.950000 314.640000 -0.130692
382.150000 321.640000 -0.191806
64.430000 322.110000 -0.122335
347.240000 323.970000 0.127166
272.250000 327.730000 -0.609314
108.100000 328.560000 -0.336744
20.540000 329.020000 -0.00257071
216.750000 332.170000 0.425843
161.920000 336.010000 -0.223444
172.480000 342.460000 -0.35308
52.540000 343.150000 -0.222121
63.490000 346.360000 -0.450361
125.430000 349.050000 0.121467
185.810000 349.190000 0.078518
241.650000 350.460000 0.171416
354.360000 356.010000 -0.223886
425.620000 357.130000 -0.567496
398.790000 359.740000 0.516326
10.010000 363.050000 -0.0471047
134.690000 362.990000 1.01952
102.900000 373.600000 -0.22107
184.520000 379.980000 -0.65737
163.660000 386.940000 0.154463
33.980000 387.710000 -0.255957
396.950000 390.820000 0.223394
113.180000 391.400000 0.167933
368.290000 395.870000 0.289987
149.190000 398.540000 -0.521173
159.800000 403.930000 -0.0495829
21.790000 408.120000 0.0799041
378.940000 409.250000 0.596966
116.560000 411.500000 0.195029
171.730000 412.910000 1.56483
134.480000 415.060000 0.0481091
190.620000 416.040000 0.146526
161.150000 417.770000 0.9844
429.660000 418.000000 0.961119
303.700000 420.660000 0.12155
214.480000 423.560000 0.262143
331.360000 424.190000 0.381524
315.310000 428.520000 0.493504
65.780000 429.730000 0.25017
100.960000 430.820000 0.20695
241.300000 430.920000 0.0897321
142.100000 431.770000 0.436709
289.730000 432.070000 1.73507
388.400000 434.910000 0.597203
39.490000 438.940000 0.280717
228.830000 440.420000 0.522307
327.300000 441.300000 0.415563
