125.670000 4.100000 -0.228031
296.850000 10.330000 0.246933
143.620000 17.690000 0.42886
156.480000 22.760000 0.676606
99.070000 23.370000 -0.515504
248.790000 23.960000 0.15766
56.550000 27.140000 0.149849
107.190000 39.370000 -0.374681
11.390000 39.590000 -0.180286
255.310000 40.060000 -0.107424
81.230000 40.440000 0.138794
211.410000 48.400000 -0.105021
240.930000 51.360000 -0.150813
10.640000 57.860000 -0.0505239
33.480000 57.930000 0.859404
118.270000 69.010000 0.217951
227.200000 77.330000 -0.56329
132.240000 77.620000 -0.118419
307.740000 79.660000 0.271423
344.900000 82.840000 -0.108403
253.000000 86.260000 0.63359
18.830000 89.490000 0.0435917
122.210000 99.600000 0.00506443
435.600000 99.390000 0.59506
29.830000 105.800000 -0.353133
197.070000 110.390000 -0.147337
114.460000 112.670000 0.0101307
67.930000 114.070000 0.39636
228.730000 116.190000 -0.0453407
135.240000 118.880000 -0.337436
92.860000 119.330000 -0.0806473
264.210000 120.720000 -0.248159
9.550000 122.440000 -0.452043
37.700000 123.350000 -0.0130106
271.860000 131.470000 0.217361
159.470000 132.020000 -0.303533
17.330000 134.330000 0.271747
241.500000 139.890000 0.299016
210.110000 140.750000 0.222649
189.670000 141.420000 -0.0199106
76.260000 143.090000 0.004594
91.570000 143.550000 -0.15065
157.750000 144.800000 0.587206
120.020000 146.640000 0.0212284
43.210000 148.060000 0.113783
133.110000 155.290000 0.157431
18.980000 157.320000 0.294656
258.740000 158.530000 0.064692
330.020000 159.940000 0.315223
217.760000 162.120000 -0.112454
234.950000 167.920000 0.265109
351.050000 168.670000 -0.36508
37.430000 175.090000 -0.148514
65.640000 175.320000 -0.0817544
212.230000 176.840000 -0.465366
192.870000 177.590000 -0.179253
17.880000 180.210000 -0.181736
137.960000 181.720000 0.229909
250.460000 183.880000 -0.443531
228.020000 189.880000 0.145427
205.370000 196.010000 -0.0828906
5.590000 197.360000 0.492624
50.750000 197.260000 -0.203796
287.280000 198.090000 -0.0964873
103.320000 205.920000 -0.0963661
121.060000 210.130000 0.206064
96.510000 221.740000 0.00297729
332.670000 222.100000 -0.223427
186.910000 222.640000 0.432553
112.600000 227.430000 0.117567
148.430000 238.010000 0.295926
65.750000 240.630000 0.0307124
10.440000 243.940000 0.0291886
370.190000 244.000000 -0.00623186
130.640000 247.360000 -0.519493
327.540000 247.420000 0.439733
289.040000 254.020000 -0.0975134
217.270000 257.510000 -0.382919
109.780000 261.580000 0.00538214
192.930000 268.500000 -0.514703
294.970000 272.250000 0.004358
158.130000 274.660000 0.0319039
233.370000 277.110000 0.38311
317.090000 277.870000 -0.574113
270.720000 278.880000 0.120954
25.620000 281.040000 -0.0409543
333.630000 282.820000 0.74425
63.930000 283.140000 0.197817
253.400000 284.700000 -0.569876
121.160000 287.550000 0.104394
271.390000 289.300000 0.230279
199.040000 290.340000 0.102375
137.680000 291.170000 0.120004
284.110000 293.370000 -0.133772
145.700000 304.280000 -0.365791
76.630000 310.200000 0.0412713
65.210000 313.340000 0.0249971
381.700000 319.120000 0.206703
344.360000 322.640000 0.0616524
111.180000 325.400000 0.0992494
268.000000 326.460000 -0.161087
18.260000 327.190000 0.0107403
212.230000 328.450000 0.190324
174.720000 334.490000 -0.359014
49.510000 341.030000 0.0275189
159.040000 341.660000 0.189359
122.720000 342.890000 0.18209
226.970000 343.230000 0.666491
73.570000 344.600000 0.158379
137.130000 357.750000 -0.416976
397.530000 358.800000 0.452713
422.300000 359.350000 -0.821156
174.100000 363.430000 0.181517
189.670000 373.270000 -0.49033
107.180000 376.870000 -0.13683
123.740000 381.530000 0.138304
165.250000 381.440000 0.675566
34.590000 385.850000 -0.130877
394.390000 390.400000 0.133602
111.500000 392.280000 0.017938
366.480000 392.560000 0.0348996
146.900000 396.500000 -0.13009
162.800000 398.770000 -0.123999
20.940000 403.080000 0.0147503
129.630000 403.040000 -0.0338177
177.160000 404.740000 0.102878
381.470000 405.270000 0.524357
173.800000 415.360000 0.282376
327.320000 416.550000 -0.319633
431.970000 416.590000 -0.289203
68.470000 421.690000 0.182687
123.870000 421.460000 -0.00453171
212.750000 421.670000 -0.16158
160.830000 422.180000 0.0642064
291.510000 424.680000 -0.054005
414.920000 426.070000 0.180343
239.230000 428.130000 -0.178257
308.200000 428.290000 0.196011
144.360000 428.890000 -0.166993
267.700000 429.700000 0.582076
108.720000 430.250000 -0.0104561
254.460000 431.460000 -0.504866
387.120000 432.870000 0.0995909
304.700000 436.550000 1.05513
229.400000 440.350000 0.126558
33.020000 441.270000 0.172501
