64.860000 4.820000 0.552423
179.720000 6.160000 -0.0616873
124.340000 9.890000 0.597659
262.170000 10.690000 1.10371
305.840000 20.390000 3.093
100.350000 24.750000 0.962164
157.230000 25.010000 0.401527
248.970000 30.640000 0.107253
145.710000 36.490000 0.217483
85.240000 40.360000 0.32992
11.460000 42.080000 0.485039
259.060000 43.120000 -0.411197
214.150000 44.120000 -0.313791
108.960000 47.260000 -0.169107
62.220000 50.520000 -0.0666357
23.370000 53.090000 0.906981
243.260000 53.140000 0.289941
13.070000 62.240000 0.631456
229.870000 63.480000 -0.454781
123.680000 66.090000 -0.104826
317.850000 73.230000 1.31327
141.770000 85.920000 -0.455346
252.350000 90.370000 0.446837
84.510000 90.910000 0.399346
20.360000 91.490000 -0.206123
342.210000 91.820000 -0.501846
71.640000 96.870000 0.26076
222.680000 109.340000 -0.222686
129.710000 110.660000 0.00942186
70.530000 111.670000 -0.196111
116.420000 114.050000 -0.46999
82.010000 114.330000 0.0998417
41.930000 116.650000 -0.164527
434.810000 119.250000 0.510361
24.450000 123.780000 -0.861743
195.590000 127.100000 -0.221509
139.730000 128.630000 -0.54856
101.120000 132.080000 -0.100158
162.840000 133.340000 -0.246733
19.030000 138.520000 0.800556
224.810000 142.140000 -0.133028
266.630000 142.610000 0.250809
254.170000 144.590000 -1.15807
84.110000 150.380000 -0.009611
158.090000 150.670000 0.24189
208.810000 151.800000 0.291364
29.100000 154.080000 0.302314
351.930000 156.760000 0.148114
110.040000 158.150000 0.0981829
243.070000 158.320000 0.17777
191.470000 159.690000 -0.342841
332.460000 159.600000 0.173303
217.560000 160.240000 0.208486
42.690000 163.200000 0.119286
129.250000 163.670000 -0.0296944
78.100000 164.680000 -0.0981256
260.800000 166.710000 0.252071
64.930000 176.610000 -0.257479
206.480000 177.210000 -0.485777
23.560000 179.710000 -0.794907
37.050000 182.220000 0.151734
246.500000 183.210000 -1.28156
218.030000 183.880000 0.0665887
138.920000 186.550000 0.213419
210.270000 196.580000 0.197749
8.290000 197.140000 1.1747
226.530000 197.240000 0.62479
289.440000 200.680000 -0.873476
267.610000 206.250000 0.462897
104.810000 209.020000 -0.241039
58.330000 209.580000 0.565241
199.530000 210.090000 0.203727
122.120000 216.350000 0.487934
180.520000 223.930000 0.235007
95.980000 227.890000 -1.5373
335.580000 230.770000 0.374754
314.180000 234.480000 0.489004
110.980000 235.060000 -0.334803
259.830000 235.670000 0.381404
372.190000 235.730000 1.16978
8.020000 238.420000 1.01267
192.930000 238.390000 0.108784
208.890000 242.350000 -0.013252
65.990000 243.390000 0.220119
145.310000 246.830000 0.106713
327.860000 252.670000 -0.693763
289.260000 255.960000 0.0695283
216.230000 261.500000 -0.266306
204.130000 262.800000 -0.0969966
207.010000 265.410000 -0.23231
108.610000 269.770000 -0.0327363
32.390000 271.520000 0.407987
188.920000 272.970000 -0.379053
75.020000 274.610000 0.0516506
295.340000 276.970000 -0.343093
270.460000 280.310000 0.338883
156.030000 280.540000 -0.097233
236.790000 280.740000 0.240009
249.070000 284.550000 -0.323703
335.780000 285.730000 1.07692
64.380000 286.210000 0.0823791
114.750000 286.960000 -0.0619527
320.360000 287.290000 -0.744877
200.880000 290.390000 -0.0261003
272.590000 293.450000 -0.194104
138.160000 307.580000 -0.674853
285.260000 308.960000 -0.133328
118.860000 309.220000 -0.196279
80.290000 316.100000 0.0235877
383.380000 322.480000 -0.288807
347.080000 322.620000 -0.206397
64.950000 324.590000 -0.0186959
109.590000 328.380000 -0.220393
273.140000 328.500000 -0.415426
21.150000 330.590000 0.102075
216.290000 332.900000 0.222677
49.550000 335.250000 0.0221719
164.270000 339.300000 -0.353356
185.100000 344.850000 -0.279909
62.440000 347.970000 -0.201033
127.130000 348.390000 0.133067
242.040000 350.030000 0.182781
354.660000 356.450000 -0.0422087
424.550000 357.810000 -0.662809
399.580000 359.720000 0.65603
9.770000 364.280000 0.100089
135.030000 364.640000 1.13372
102.780000 372.180000 -0.317814
183.440000 372.630000 -0.201103
163.390000 387.940000 0.21364
37.950000 389.540000 -0.225427
110.030000 390.470000 0.123599
121.320000 391.750000 0.0896246
390.780000 394.030000 0.022575
365.680000 396.940000 0.203403
148.930000 399.130000 -0.116339
22.780000 407.530000 0.0805456
162.430000 409.100000 -0.0516494
378.360000 409.740000 0.472431
192.030000 412.460000 -0.0312043
133.720000 412.740000 0.138439
117.260000 413.960000 0.104664
177.450000 416.090000 0.762854
429.300000 419.510000 0.828386
303.870000 421.320000 -0.710324
214.690000 424.380000 0.32785
330.620000 428.360000 0.280051
63.070000 428.620000 0.257743
314.820000 428.960000 0.306587
242.850000 429.990000 -0.0513393
101.090000 430.510000 0.0792957
386.660000 436.980000 0.431761
291.860000 439.670000 1.72939
141.690000 440.240000 0.1375
266.540000 441.300000 1.78809
