109.350000 2.010000 0.897831
178.180000 3.030000 0.32592
122.820000 7.310000 -0.0818719
296.800000 13.040000 1.47891
155.900000 23.580000 0.723964
248.960000 27.350000 0.193654
59.190000 35.850000 0.061772
104.700000 38.890000 0.0937287
10.650000 39.440000 -0.233719
257.110000 39.650000 -0.464234
214.170000 40.880000 0.0409333
77.890000 41.940000 0.326443
4.190000 51.300000 0.16673
241.910000 51.650000 0.006924
29.010000 54.630000 0.341894
12.750000 59.290000 0.677256
118.560000 61.570000 -0.0510234
131.960000 75.700000 0.0403879
228.110000 79.070000 -0.617251
20.000000 83.580000 0.53038
346.230000 83.370000 -0.0938193
253.280000 86.290000 0.95253
302.570000 87.900000 -0.034694
432.280000 98.420000 0.920823
121.820000 99.130000 -0.115108
29.120000 101.240000 -1.03956
111.750000 111.460000 0.000391429
226.460000 111.880000 -0.27825
194.880000 113.210000 -0.195223
40.310000 113.540000 -0.0128067
20.720000 117.450000 -1.00276
96.480000 117.640000 0.210179
135.180000 119.230000 -1.14867
69.000000 122.240000 0.216449
256.350000 124.770000 -0.381166
162.230000 132.450000 -0.310933
265.130000 134.620000 -0.118454
225.390000 136.560000 -0.125603
105.490000 137.900000 -0.131385
239.270000 138.220000 -0.0353107
19.750000 139.110000 1.01522
192.610000 143.230000 0.268197
212.200000 145.130000 0.0615666
89.180000 146.800000 0.0876031
158.270000 148.330000 0.444913
117.160000 151.760000 -0.00163057
48.220000 152.550000 0.123375
26.150000 153.200000 0.265606
333.820000 153.930000 0.624689
133.240000 156.900000 0.404986
77.880000 160.640000 -0.02201
261.740000 161.910000 0.37002
63.170000 163.480000 -0.070295
216.580000 163.220000 0.176311
344.260000 164.310000 -0.719903
234.770000 166.050000 -0.131714
240.530000 174.860000 -0.347374
39.950000 175.720000 -0.161086
213.270000 178.990000 -0.16521
195.970000 179.490000 -0.521927
27.480000 180.310000 -0.125662
141.300000 182.950000 0.118655
249.290000 184.940000 -0.788921
229.660000 192.580000 0.60335
288.360000 197.860000 -0.297744
207.260000 198.130000 0.0518896
102.580000 200.630000 0.24545
52.140000 201.480000 -0.494091
9.400000 202.450000 0.6759
267.430000 203.540000 -0.0647183
202.130000 211.170000 -0.15099
120.250000 213.150000 0.35523
178.190000 219.820000 -0.0520259
314.680000 224.860000 0.686067
335.210000 224.800000 -0.217561
96.820000 225.610000 -0.401004
258.320000 225.960000 -0.0806623
111.150000 231.530000 0.0695364
7.270000 239.740000 0.177664
63.580000 242.250000 -0.118585
372.820000 243.000000 -0.0810309
328.600000 246.020000 -0.218813
141.170000 253.720000 -0.24121
288.620000 254.500000 0.0850909
219.570000 259.990000 -0.389496
190.820000 266.850000 -0.993629
107.630000 268.110000 -0.115126
294.900000 273.540000 -0.294679
234.560000 275.470000 0.00485829
319.920000 275.570000 -1.18606
159.660000 278.620000 -0.232534
270.950000 278.480000 0.351994
72.770000 279.440000 -0.0263891
256.200000 279.490000 -0.199116
335.690000 282.220000 1.14067
61.410000 282.950000 0.191719
28.230000 284.300000 -0.0508411
110.750000 286.590000 -0.128403
202.950000 289.620000 0.079009
271.640000 289.830000 0.141117
249.150000 290.170000 -0.0684204
137.280000 292.710000 0.604541
120.890000 296.450000 -0.167966
286.510000 304.230000 0.0609154
147.740000 308.890000 -0.602411
78.840000 310.220000 -0.00640757
64.480000 317.590000 -0.099893
382.550000 319.280000 -0.0527334
347.090000 322.370000 0.0826517
269.830000 325.570000 -0.190906
18.520000 326.830000 -0.144736
108.720000 327.200000 0.0904336
49.450000 329.450000 -0.0834444
218.860000 332.220000 -0.0255947
158.930000 340.260000 0.128565
67.270000 343.970000 -0.121221
124.150000 344.140000 0.0120153
174.390000 346.690000 -0.400693
238.010000 349.400000 0.825926
423.780000 358.200000 -0.707207
135.260000 358.300000 0.39682
398.410000 358.540000 0.73614
1.980000 362.500000 -0.0984529
180.010000 363.450000 0.108731
104.540000 377.230000 -0.233691
187.250000 380.710000 -0.887401
34.070000 385.640000 -0.273643
127.170000 387.120000 -0.0978574
161.720000 389.670000 1.15577
366.740000 391.990000 0.151956
396.140000 392.390000 0.36781
114.900000 394.030000 0.129383
147.880000 396.870000 -0.198749
101.820000 397.570000 0.446854
179.870000 402.510000 0.609421
21.310000 405.980000 -0.0399674
382.190000 407.020000 0.479009
132.050000 407.820000 -0.0638059
114.080000 413.330000 0.0797217
168.320000 414.180000 0.413384
429.440000 417.290000 0.194216
327.390000 417.440000 0.360174
213.690000 422.040000 0.267739
95.040000 424.140000 0.149369
294.440000 424.460000 0.323696
66.600000 426.780000 -0.0576489
106.450000 429.240000 0.0211697
251.930000 429.370000 -0.566753
141.460000 430.430000 0.0643233
28.790000 431.880000 0.15844
267.030000 433.470000 0.59911
385.890000 433.820000 0.42993
229.480000 439.300000 -0.0417386
295.440000 442.750000 0.749684
