100.280000 4.700000 0.911891
179.020000 5.830000 -0.0398043
123.410000 10.910000 0.255481
304.460000 17.590000 3.6745
156.230000 25.350000 0.534007
248.360000 27.450000 0.186171
257.770000 39.210000 -0.0451071
13.960000 39.710000 0.799856
104.920000 40.570000 0.441844
82.000000 40.750000 0.451339
213.080000 40.970000 -0.160723
62.220000 42.430000 0.505286
242.620000 50.920000 0.0412857
27.220000 51.560000 0.0555013
11.600000 52.010000 0.556519
227.800000 64.800000 -0.767157
117.070000 67.840000 0.730929
311.780000 75.570000 1.6246
133.910000 77.350000 -0.41778
345.430000 84.520000 0.135512
253.780000 84.900000 1.08123
22.810000 85.870000 0.109951
127.200000 101.960000 -0.383477
92.160000 109.080000 0.118801
222.430000 110.000000 -0.363906
22.850000 112.990000 -0.666407
40.820000 112.930000 -0.0336941
191.770000 116.220000 -0.42716
117.280000 120.300000 -0.476347
78.090000 123.140000 0.168319
429.100000 126.310000 1.1477
138.590000 126.590000 -1.04184
262.920000 126.920000 -0.819354
104.080000 130.230000 0.00106729
161.330000 132.620000 0.00214429
225.610000 138.290000 -0.219974
265.360000 141.820000 0.484967
21.320000 142.440000 1.09078
159.990000 148.940000 0.672697
87.620000 149.310000 0.00383914
243.950000 151.450000 0.21817
207.990000 152.130000 0.467484
27.590000 152.770000 0.385414
332.500000 157.070000 0.154643
114.040000 158.130000 0.12396
189.660000 158.010000 -0.25411
254.780000 158.930000 0.261321
130.200000 159.250000 0.43678
44.050000 160.490000 0.0652561
75.990000 161.040000 -0.0994124
351.200000 161.350000 -0.29897
215.880000 162.020000 0.0478824
246.920000 175.020000 -0.992274
66.150000 176.500000 -0.361369
211.920000 176.790000 -0.42522
195.340000 178.750000 -0.737514
36.380000 180.670000 -0.0509754
26.920000 181.080000 -0.268887
139.740000 183.940000 0.130245
223.710000 184.860000 0.114624
250.290000 187.110000 -0.998821
225.860000 194.740000 0.390841
7.270000 195.030000 1.08279
207.080000 197.450000 0.0419243
289.240000 199.280000 -0.776517
52.210000 203.910000 -0.076836
103.910000 203.640000 -0.142866
267.020000 205.680000 1.03637
200.040000 210.410000 -0.004065
120.260000 214.190000 0.407173
179.000000 219.120000 0.184684
96.260000 226.100000 -1.01717
334.450000 227.600000 0.0885477
313.550000 230.140000 0.342033
369.730000 231.960000 0.159501
259.870000 234.900000 0.0225574
114.590000 236.990000 -0.172834
7.330000 238.310000 0.582157
192.810000 238.400000 -0.148219
150.100000 241.790000 -0.100394
60.370000 243.040000 0.353687
130.200000 247.290000 -0.119474
328.990000 250.680000 -0.659433
288.340000 253.950000 -0.2133
218.370000 261.770000 -0.260684
193.720000 266.400000 -0.850986
107.640000 268.910000 0.00266743
295.200000 275.700000 -0.224249
72.470000 275.800000 0.127984
156.850000 277.540000 -0.193697
271.240000 279.360000 0.29743
236.030000 281.400000 0.177666
317.820000 283.310000 -0.911464
337.320000 284.000000 1.26678
64.960000 284.250000 0.231131
114.890000 285.630000 0.0506911
40.080000 286.990000 0.194737
249.230000 287.060000 -0.510097
202.530000 290.600000 -0.131514
272.160000 291.550000 -0.0104656
146.060000 294.730000 0.281124
121.540000 305.300000 -0.279694
287.910000 307.300000 -0.216246
147.910000 308.530000 -0.624077
78.300000 312.950000 -0.0862809
382.540000 320.740000 0.0617404
63.790000 321.610000 -0.160311
347.990000 321.960000 0.0856796
272.290000 326.920000 -0.468904
20.560000 328.100000 -0.0427436
108.490000 328.160000 -0.214677
216.250000 330.890000 0.491943
47.650000 335.780000 -0.232633
173.760000 339.520000 -0.568633
157.860000 340.730000 0.218217
63.800000 345.720000 -0.499464
124.800000 347.250000 0.190116
237.850000 350.570000 0.644697
354.330000 355.120000 -0.68103
398.560000 359.330000 0.632727
424.670000 360.410000 -0.150093
134.790000 362.090000 0.986236
7.250000 362.770000 -0.0324223
189.140000 372.150000 -0.96157
103.050000 375.680000 0.112267
35.610000 384.370000 -0.0593756
163.020000 385.990000 0.614991
113.040000 389.320000 0.245323
397.840000 393.910000 0.617754
370.890000 395.550000 0.305089
149.180000 398.040000 -0.439013
104.630000 403.170000 0.531919
156.070000 403.900000 -0.563856
184.260000 407.630000 0.0467066
20.830000 407.770000 0.0234897
380.520000 409.460000 0.531961
115.880000 411.330000 0.180954
134.280000 412.540000 0.00220714
165.650000 416.870000 2.02341
428.990000 417.560000 0.448213
331.450000 418.690000 0.357994
303.120000 420.510000 0.958876
214.160000 422.770000 -0.0388626
288.360000 425.570000 1.36937
316.960000 425.770000 0.59925
67.750000 427.020000 -0.0488851
98.590000 427.570000 0.120015
109.290000 428.360000 0.232241
142.000000 431.250000 0.557891
240.940000 432.930000 -0.42728
387.870000 434.300000 0.454646
35.560000 435.890000 0.164526
265.970000 437.840000 1.16354
328.780000 439.230000 0.321263
228.040000 440.930000 0.0634861
24.970000 442.740000 0.0756781
