125.680000 4.300000 -0.0692149
296.250000 10.370000 0.436304
143.390000 17.810000 -0.0530424
99.130000 22.760000 0.0531581
156.350000 22.590000 0.76198
249.500000 24.010000 0.074373
57.000000 27.930000 0.239843
12.890000 39.430000 -0.814274
106.660000 39.260000 -0.492723
255.450000 40.150000 -0.143671
82.630000 40.430000 0.175106
211.330000 48.690000 0.0830884
240.640000 51.960000 -0.151279
33.790000 57.230000 0.77975
11.680000 58.820000 0.110917
118.020000 68.930000 0.25951
131.810000 77.550000 -0.186564
227.750000 77.940000 -0.611819
307.710000 80.550000 0.422541
344.700000 83.010000 -0.262284
253.200000 86.530000 0.591007
19.090000 89.440000 0.16974
434.990000 97.740000 0.436144
122.210000 98.960000 -0.0841297
28.420000 106.840000 -0.42694
73.560000 108.100000 0.137597
196.510000 111.630000 -0.109237
115.500000 113.320000 0.0331831
67.170000 114.260000 0.18541
228.790000 116.340000 -0.0662706
135.260000 119.010000 -0.225749
92.690000 120.030000 -0.156717
260.610000 123.420000 -0.309057
37.120000 123.520000 0.0523427
11.620000 127.910000 0.0111016
159.860000 132.400000 -0.176904
269.890000 133.130000 0.346979
27.040000 135.720000 0.287657
241.430000 140.190000 0.266547
210.150000 140.940000 0.113835
189.770000 141.810000 -0.0417641
90.330000 143.560000 -0.136822
157.890000 144.890000 0.264129
119.650000 147.100000 0.11631
41.680000 148.100000 0.13008
133.240000 154.090000 0.283997
69.030000 155.140000 0.0247547
19.110000 156.980000 0.175636
258.810000 158.510000 -0.125761
330.010000 159.910000 0.391184
217.460000 163.230000 -0.056749
235.040000 167.890000 0.106264
350.510000 168.410000 -0.288313
64.820000 174.570000 -0.00904829
37.540000 175.310000 -0.121956
212.780000 177.120000 -0.106365
193.410000 177.390000 -0.220633
18.580000 180.230000 -0.32248
137.930000 181.890000 0.35128
250.260000 184.030000 -0.576217
227.850000 190.310000 0.107892
205.570000 196.170000 -0.102081
50.720000 197.430000 -0.169301
5.850000 197.790000 0.42014
287.320000 198.020000 -0.158607
102.920000 205.080000 0.040763
263.770000 209.560000 0.425449
120.960000 210.190000 0.319266
96.130000 221.910000 0.0530224
332.770000 222.040000 -0.153444
186.920000 222.720000 0.109482
112.480000 227.150000 0.14649
148.490000 238.480000 0.0166637
65.660000 240.730000 0.0319609
9.230000 242.180000 0.013885
370.000000 244.190000 0.0341263
130.230000 247.740000 -0.274154
327.410000 247.780000 0.419893
289.080000 253.520000 -0.174894
217.410000 257.880000 -0.382184
110.550000 262.130000 -0.0141926
192.980000 268.890000 -0.47008
294.600000 272.120000 0.0648441
71.360000 274.800000 -0.212211
157.950000 275.060000 0.0124006
233.140000 277.220000 0.475376
316.880000 278.010000 -0.468873
270.670000 278.900000 0.277453
25.540000 281.400000 -0.0271079
333.660000 283.220000 0.881631
63.920000 284.020000 0.14915
253.330000 284.980000 -0.547719
113.350000 286.770000 0.0878089
123.280000 288.920000 0.0816957
271.310000 289.390000 0.162047
200.240000 290.480000 0.139983
138.530000 291.420000 -0.184871
280.670000 297.430000 -0.170319
145.510000 304.280000 -0.267986
76.150000 310.350000 0.0647383
65.110000 313.980000 0.0187001
381.690000 319.190000 0.0813296
344.360000 322.940000 -0.0736069
110.660000 325.630000 0.0705017
267.930000 326.630000 -0.045896
18.120000 327.650000 0.019522
212.170000 328.780000 0.29288
180.540000 333.310000 -0.318413
49.730000 341.270000 0.0150463
158.930000 342.000000 0.23852
122.990000 343.290000 0.230743
73.060000 344.700000 0.235946
222.370000 345.680000 0.598841
136.800000 357.900000 -0.408866
397.540000 358.860000 0.561503
422.160000 360.520000 -0.713949
174.150000 364.440000 0.0335171
0.820000 365.080000 -0.217959
189.510000 375.180000 -0.58083
106.450000 377.230000 -0.133097
165.190000 381.880000 0.680696
121.990000 382.680000 0.15162
34.510000 386.090000 -0.13446
394.300000 390.510000 0.355654
111.980000 391.950000 -0.290573
366.360000 393.050000 0.058378
146.860000 396.920000 -0.0702774
162.750000 399.020000 0.751174
20.520000 403.540000 0.0532731
381.460000 405.650000 0.598031
176.940000 406.390000 -0.0945134
130.330000 409.210000 -0.0190159
327.370000 416.550000 -0.313884
431.850000 416.710000 -0.22235
118.350000 420.480000 0.00370671
212.770000 421.980000 -0.402857
68.360000 422.110000 0.0978456
160.950000 422.350000 0.366557
293.280000 423.090000 -0.0695726
143.570000 426.860000 -0.0553677
414.500000 426.870000 0.0125071
308.940000 428.050000 -0.554539
240.330000 428.370000 -0.0262361
267.740000 429.690000 0.583641
107.680000 430.150000 -0.0139083
256.340000 431.730000 -0.315321
386.950000 433.400000 0.144144
302.360000 439.510000 1.02449
328.490000 440.620000 -0.135462
229.350000 441.230000 -0.304443
