178.550000 5.400000 0.632153
122.610000 8.370000 0.001839
298.360000 13.710000 1.89844
145.900000 17.840000 0.196204
156.960000 23.480000 0.581657
248.730000 25.810000 0.559374
58.520000 36.490000 0.386381
10.460000 38.860000 -0.0160111
104.430000 38.570000 0.158514
257.190000 39.150000 -0.284214
78.300000 39.570000 0.420947
214.020000 40.040000 -0.27427
1.440000 51.190000 0.256754
242.190000 52.690000 0.0349254
30.530000 55.260000 0.263926
13.970000 57.990000 0.752064
119.260000 62.820000 0.258626
131.160000 77.350000 -0.176613
227.080000 78.390000 -0.751046
345.410000 83.810000 0.20409
253.830000 84.110000 1.12978
18.420000 86.530000 0.611476
299.730000 89.350000 0.28472
432.410000 94.140000 1.39964
120.500000 100.500000 -0.190074
24.400000 101.560000 -0.924683
226.370000 110.980000 -0.369541
111.220000 111.220000 -0.0206276
69.350000 111.940000 0.49802
193.480000 111.830000 -0.409029
40.280000 113.630000 -0.0389787
22.450000 115.240000 -0.36655
95.870000 116.420000 0.287696
134.770000 118.620000 -1.42373
261.210000 123.750000 -0.55398
70.450000 124.090000 0.198366
162.070000 132.130000 -0.236021
267.710000 135.170000 0.191866
225.030000 136.580000 -0.401901
105.380000 138.270000 -0.10512
19.820000 138.760000 1.2942
238.790000 139.440000 -0.0687553
212.420000 145.460000 0.212774
89.070000 146.410000 0.0526367
157.540000 147.940000 0.465861
190.980000 149.650000 0.119645
48.530000 151.820000 0.0253376
26.570000 153.350000 0.0828799
333.490000 153.350000 0.631446
117.790000 154.410000 0.216006
135.670000 155.720000 0.739599
259.170000 161.520000 0.540484
76.480000 162.280000 -0.0581631
215.860000 163.030000 0.239887
344.400000 164.150000 -0.816656
234.840000 166.230000 0.200523
64.450000 171.030000 -0.175091
39.310000 174.760000 -0.159926
240.960000 174.790000 -0.376194
196.300000 178.390000 -0.552696
213.030000 179.960000 -0.190394
26.340000 180.690000 -0.105653
142.370000 182.820000 0.419194
249.470000 185.030000 -0.784039
230.780000 192.850000 0.554084
8.210000 194.870000 0.619823
288.360000 197.970000 -0.44199
208.000000 198.850000 0.0347856
103.040000 200.890000 0.0346349
52.520000 201.070000 -0.455389
267.610000 203.280000 0.0194644
202.330000 211.370000 -0.194694
120.040000 212.650000 0.124212
178.530000 219.300000 -0.223444
97.110000 225.170000 -0.781959
314.620000 226.400000 0.469511
333.260000 226.560000 -0.593593
111.820000 232.330000 -0.210297
257.910000 232.650000 0.029472
7.470000 239.340000 0.136329
63.830000 241.760000 -0.178887
151.260000 242.860000 -0.340869
372.060000 243.920000 0.00224471
329.030000 245.760000 -0.424671
130.430000 249.830000 -0.158061
288.690000 254.240000 0.346544
219.600000 260.340000 -0.376144
108.030000 267.010000 -0.146764
191.510000 267.090000 -1.10072
295.130000 273.400000 -0.230194
235.100000 275.120000 0.116542
318.570000 277.300000 -1.13739
270.890000 278.370000 0.34784
256.060000 279.300000 -0.813759
160.160000 279.730000 -0.246186
71.920000 279.880000 1.83949
335.830000 282.310000 1.22404
28.570000 284.180000 0.0102774
65.390000 285.170000 0.482121
112.260000 286.190000 -0.195031
249.530000 288.900000 -0.169829
271.650000 289.830000 0.166013
203.110000 290.140000 0.0350296
144.920000 293.430000 0.54505
120.570000 297.200000 -0.254444
287.180000 303.320000 -0.0900189
147.410000 309.370000 -0.931366
78.810000 312.420000 0.0308053
64.530000 317.870000 -0.112275
384.130000 319.870000 -0.31379
347.360000 322.030000 -0.0639114
271.030000 325.480000 -0.348406
19.050000 326.910000 -0.115134
109.190000 326.880000 -0.212847
217.360000 328.970000 -0.223176
48.590000 330.790000 -0.0263929
158.720000 339.410000 -0.280544
67.980000 344.390000 -0.0935221
124.220000 344.890000 -0.121331
173.470000 348.250000 -0.198183
238.670000 350.700000 0.887247
135.790000 358.020000 0.62615
398.430000 358.460000 0.996219
424.850000 359.550000 -0.537351
183.140000 361.280000 0.58961
2.760000 362.940000 -0.159494
103.840000 380.450000 -0.138869
188.650000 381.330000 -0.782127
32.450000 386.390000 0.0598709
126.180000 388.010000 0.716396
161.470000 389.010000 1.0883
396.100000 391.000000 0.803824
366.180000 391.540000 0.214377
115.440000 395.260000 0.179946
147.800000 396.710000 -0.185454
102.670000 400.860000 -0.605093
177.460000 401.060000 0.499311
381.330000 405.690000 0.674597
21.340000 406.070000 -0.118707
132.850000 411.190000 -0.091947
113.750000 413.260000 0.124534
169.110000 414.840000 0.80182
327.640000 416.840000 0.444797
429.980000 417.740000 0.436326
213.740000 421.900000 0.288939
66.950000 423.040000 0.0602864
295.430000 423.610000 0.856749
97.090000 425.680000 -0.00112086
106.110000 429.390000 0.0661843
250.010000 429.110000 -0.724637
141.790000 429.870000 0.0876846
385.440000 432.870000 0.571563
266.980000 435.240000 0.782106
229.640000 438.760000 -0.185999
36.480000 441.260000 0.122165
328.950000 442.770000 1.50576
