125.560000 3.810000 -0.349099
298.000000 10.300000 0.229419
143.920000 17.660000 -0.0211311
156.760000 22.970000 0.575271
99.360000 23.420000 0.230826
248.780000 24.260000 0.147534
55.380000 26.350000 -0.0140994
107.190000 39.430000 -0.152646
11.400000 39.610000 -0.0407444
255.810000 39.670000 -0.143676
81.650000 41.530000 0.186476
211.570000 48.310000 0.0118109
238.900000 51.460000 -0.147756
10.730000 56.400000 -0.223123
33.400000 58.550000 0.918176
119.120000 67.520000 0.113982
132.320000 77.180000 -0.253264
225.940000 77.690000 -0.638713
306.760000 78.560000 0.115935
345.060000 82.160000 -0.0125711
252.500000 86.250000 0.786646
18.640000 89.530000 0.189153
434.460000 98.300000 0.111202
122.650000 99.100000 -0.00650043
31.660000 106.410000 -0.278609
198.160000 109.730000 -0.11387
115.520000 112.170000 0.0591229
68.800000 113.800000 0.168516
228.700000 116.050000 -0.0511679
135.190000 118.850000 -0.195619
92.700000 119.300000 -0.0521389
9.830000 119.890000 -0.55891
263.150000 120.360000 -0.263846
38.170000 124.360000 0.0289173
159.200000 131.720000 -0.293544
269.010000 132.240000 0.129862
16.950000 134.880000 -0.114371
241.560000 139.790000 0.354684
209.940000 140.590000 0.273131
189.780000 141.490000 -0.152374
91.930000 142.450000 -0.114415
157.630000 144.700000 0.556284
120.070000 146.150000 0.00564771
42.680000 148.300000 0.101552
68.770000 152.470000 0.0236667
132.990000 154.950000 0.141449
19.070000 158.250000 0.349813
258.560000 158.360000 0.0836967
329.780000 160.040000 0.523577
218.690000 161.880000 -0.170134
235.100000 168.160000 0.141489
350.000000 168.750000 -0.168749
37.430000 174.770000 -0.109944
65.910000 176.300000 -0.066021
212.370000 176.660000 -0.121832
193.160000 177.780000 -0.211296
18.200000 180.750000 -0.233557
138.110000 181.740000 0.146414
250.530000 183.330000 -0.385137
228.000000 189.400000 0.146919
205.300000 195.830000 -0.0876533
50.770000 196.970000 -0.177406
5.620000 197.330000 0.392246
287.090000 198.060000 -0.0929363
103.370000 206.850000 -0.0661286
121.120000 210.040000 0.194514
332.390000 221.890000 -0.334281
96.590000 222.040000 0.0166624
186.960000 222.760000 -0.0205401
112.800000 227.550000 0.0487207
148.610000 237.910000 0.111092
65.710000 240.630000 0.032885
370.930000 244.080000 -0.182029
11.200000 244.890000 0.0421814
130.800000 247.080000 -0.319184
327.440000 247.050000 0.24187
289.080000 253.800000 -0.0701651
217.230000 257.150000 -0.362931
109.590000 262.250000 0.0369919
193.150000 268.490000 -0.476306
294.890000 272.330000 0.144744
157.950000 274.620000 0.0173021
233.560000 276.740000 0.358174
316.920000 277.680000 -0.563284
270.760000 278.360000 0.17897
25.780000 280.830000 -0.00942929
333.450000 282.370000 0.680614
63.960000 282.800000 0.311206
113.080000 285.040000 0.114137
253.980000 285.560000 -0.589351
123.090000 288.760000 0.0562034
271.440000 289.050000 0.181067
135.500000 290.980000 0.0648837
200.040000 291.410000 0.17853
284.500000 293.020000 -0.197731
146.300000 304.230000 -0.395449
76.410000 310.250000 0.0195916
65.470000 312.950000 0.0121464
381.660000 318.870000 0.232651
344.320000 322.410000 -0.0137891
111.500000 325.420000 -0.004489
267.850000 326.190000 -0.206077
19.080000 326.960000 -0.0157759
212.460000 328.340000 0.275397
174.200000 338.260000 -0.224249
49.370000 340.100000 -0.0232937
159.030000 341.620000 0.0784187
122.810000 343.880000 0.00758586
228.200000 344.220000 0.74179
73.500000 344.520000 0.00353
137.000000 357.850000 -0.566704
397.660000 358.510000 0.548451
421.380000 360.570000 -0.702327
173.260000 366.100000 0.0767206
188.970000 373.210000 -0.539013
106.000000 377.330000 -0.115453
165.260000 381.350000 0.612571
126.790000 384.690000 -0.298141
34.080000 386.340000 -0.21163
394.400000 390.160000 0.157709
111.420000 392.850000 0.651423
366.710000 393.660000 0.0575384
146.870000 396.450000 -0.0469613
163.330000 398.190000 0.37159
31.600000 399.940000 0.113775
130.080000 403.120000 0.00406571
177.810000 404.430000 0.148183
381.200000 404.680000 0.522201
327.120000 416.080000 -0.344409
431.820000 416.300000 -0.192064
68.880000 421.490000 0.0401051
212.800000 421.520000 -0.00309243
160.830000 421.990000 0.00927029
124.870000 422.450000 -0.00170029
413.770000 423.000000 0.321611
289.770000 425.100000 -0.105883
307.520000 427.380000 -0.240251
239.050000 427.950000 0.239843
267.650000 429.420000 0.54579
145.810000 430.670000 -0.141283
253.780000 430.850000 -0.694746
110.090000 431.170000 0.0221976
386.540000 432.510000 0.0856887
305.140000 434.300000 0.757589
229.830000 439.530000 0.19826
328.930000 439.920000 0.446879
32.750000 441.790000 0.206366
