123.730000 4.860000 0.0558144
300.870000 9.130000 1.35024
102.740000 15.410000 0.017576
155.450000 22.480000 0.714667
249.400000 26.450000 0.14097
56.450000 27.180000 0.0777319
10.120000 36.720000 0.518331
104.260000 38.050000 -0.0855586
259.260000 39.780000 -0.020323
80.810000 40.250000 0.367734
213.430000 52.570000 -0.0200769
28.410000 53.700000 0.374479
240.580000 54.820000 0.015612
13.090000 56.980000 0.0891503
117.800000 61.620000 0.243351
129.700000 72.970000 -0.047755
225.730000 77.430000 -0.457757
345.200000 82.840000 -0.00792871
306.290000 83.420000 0.0811144
253.800000 84.860000 1.05461
12.720000 89.550000 0.304493
431.430000 97.480000 0.606587
122.020000 99.290000 -0.131503
27.250000 101.570000 -0.904799
195.230000 109.020000 -0.257424
109.130000 110.870000 0.177214
225.380000 110.810000 -0.106853
39.780000 113.760000 0.0928111
61.770000 116.030000 0.40195
94.800000 118.180000 -0.0662176
135.510000 118.680000 -0.580366
18.180000 124.570000 -0.0195683
261.470000 126.010000 -0.595953
163.140000 131.760000 -0.512053
268.270000 132.390000 0.324543
238.080000 137.380000 -0.292251
189.940000 139.880000 0.153294
226.080000 141.360000 0.198444
89.740000 143.920000 -0.221856
211.900000 143.880000 0.0283579
157.720000 145.010000 0.643923
118.270000 146.420000 0.00169843
44.740000 151.250000 0.116459
26.290000 152.870000 0.867496
132.020000 154.900000 0.424544
328.740000 158.470000 0.494331
79.560000 160.520000 -0.0839744
260.830000 160.410000 0.260994
60.990000 163.160000 -0.0741017
216.340000 163.210000 -0.0708176
347.330000 164.050000 -0.456909
233.780000 167.410000 0.0236569
243.100000 176.140000 -0.374647
196.310000 178.760000 -0.491141
40.720000 179.660000 -0.108347
24.970000 179.910000 -0.306983
139.760000 181.430000 0.241151
249.600000 185.030000 -0.566151
228.450000 192.890000 0.614533
12.950000 193.920000 0.469156
287.610000 197.540000 -0.324941
208.560000 198.250000 0.0299517
52.490000 198.680000 -0.0930616
101.600000 199.960000 -0.108133
266.670000 202.630000 0.171841
120.150000 210.250000 0.0416013
202.610000 210.300000 -0.0993009
177.630000 219.470000 0.0116597
333.010000 221.900000 -0.034244
255.830000 224.110000 -0.230389
97.620000 224.320000 -0.368001
111.690000 226.720000 -0.198854
7.490000 239.520000 0.135213
62.260000 240.820000 -0.0361246
371.460000 243.600000 -0.13715
147.510000 243.980000 -0.0886754
327.520000 246.130000 0.483383
130.130000 248.830000 -0.0611859
288.160000 253.920000 -0.0695311
218.330000 259.330000 -0.220863
107.080000 269.230000 -0.18063
294.150000 273.050000 0.111727
314.210000 275.520000 -1.04518
193.250000 276.380000 -0.664106
157.850000 276.720000 0.112476
72.270000 276.820000 0.0693524
234.740000 277.490000 0.140137
270.580000 278.650000 0.17527
25.630000 281.800000 0.0371764
335.340000 282.360000 0.685506
111.470000 288.250000 -0.135758
252.300000 288.440000 -0.123854
203.290000 289.170000 0.427714
271.120000 289.730000 0.245833
63.410000 290.330000 0.117346
123.580000 290.760000 -0.133462
138.260000 293.570000 0.265957
284.280000 305.830000 -0.269747
146.370000 307.220000 -0.586881
75.010000 310.570000 -0.0386883
65.220000 314.840000 -0.0719769
381.510000 319.270000 -0.0691109
345.600000 321.910000 0.063562
110.170000 325.900000 0.100378
268.600000 326.120000 -0.05239
212.090000 327.840000 0.165979
22.240000 328.450000 0.0327717
50.370000 338.370000 -0.0186011
159.640000 341.450000 0.320443
124.230000 342.470000 -0.207717
70.150000 343.360000 -0.134047
175.270000 347.230000 -0.337019
237.390000 351.910000 0.897547
423.140000 358.360000 -0.581126
135.830000 358.710000 -0.105641
397.900000 358.650000 0.826127
188.880000 376.370000 -0.892909
104.530000 377.740000 0.0341046
164.710000 383.200000 1.08761
126.910000 384.860000 0.119312
33.090000 385.480000 -0.0570114
364.300000 390.980000 0.256601
394.220000 391.310000 0.697106
116.030000 393.570000 0.0852247
104.700000 394.090000 -0.0541957
147.240000 396.430000 -0.0961021
165.520000 399.190000 0.636266
20.610000 405.260000 0.171024
131.620000 406.010000 0.0885217
381.230000 406.450000 0.613283
179.440000 407.420000 0.231079
116.640000 415.930000 0.103018
302.740000 416.480000 -0.113848
327.400000 416.600000 0.0287437
162.640000 417.840000 0.308733
429.610000 417.970000 0.160106
213.250000 422.100000 -0.180963
98.540000 424.890000 0.0309456
69.320000 425.740000 -0.0641779
292.120000 425.760000 0.357953
142.260000 426.790000 0.114117
267.190000 429.180000 0.166866
106.320000 431.020000 0.00814514
257.040000 431.650000 -0.172219
387.900000 434.420000 0.168147
123.850000 436.680000 0.0693766
231.020000 437.040000 0.0366764
