60.290000 5.930000 0.404936
180.000000 8.080000 0.0260744
262.210000 11.430000 0.642096
124.790000 12.240000 0.0235541
306.940000 16.900000 2.88649
103.350000 20.010000 0.0737964
157.140000 27.620000 0.405774
245.840000 34.030000 0.0310076
11.660000 43.020000 0.287329
145.430000 43.630000 0.279059
84.360000 44.640000 0.247617
213.770000 46.340000 -0.22921
108.780000 47.920000 -0.0711136
258.070000 48.860000 -0.208923
64.570000 53.120000 -0.0947429
24.390000 54.150000 0.879647
245.230000 55.240000 0.464084
124.900000 60.440000 0.121684
15.600000 61.940000 0.352396
223.700000 65.230000 -0.0979341
319.780000 73.390000 1.21862
143.420000 86.170000 -0.30078
20.140000 89.730000 -0.116066
84.340000 90.720000 0.320859
253.570000 92.250000 0.331937
340.820000 96.920000 -0.928606
81.870000 108.450000 0.108101
127.660000 111.220000 -0.0513564
226.300000 111.650000 -0.124528
112.440000 117.380000 -0.344293
26.980000 117.640000 -0.839531
70.040000 117.630000 -0.0220659
41.220000 120.680000 -0.196636
438.960000 120.610000 0.26846
199.830000 122.200000 -0.152254
100.230000 129.350000 -0.0976261
137.870000 129.250000 -0.383576
163.310000 134.820000 -0.0977343
19.950000 140.010000 0.555594
250.300000 144.250000 -1.06772
225.240000 144.780000 0.0508096
263.050000 145.350000 0.271033
158.050000 151.440000 0.221
86.140000 152.580000 -0.00277914
28.930000 154.620000 0.102999
210.090000 155.260000 0.31312
191.440000 155.980000 -0.23076
109.480000 157.820000 0.141729
351.410000 157.810000 0.213539
332.800000 160.810000 -0.00874071
240.840000 161.040000 0.163674
129.810000 162.380000 -0.043282
217.630000 163.040000 -0.014475
42.580000 164.890000 0.0644927
76.460000 166.480000 0.0801124
263.320000 168.820000 0.387991
37.350000 180.370000 0.228193
188.660000 181.700000 -0.223553
22.280000 182.090000 -0.836641
65.950000 183.410000 -0.101893
250.220000 184.620000 -1.09808
201.360000 185.020000 -0.522299
140.330000 186.190000 0.0599024
148.210000 186.110000 -0.02005
210.730000 198.010000 0.129111
9.230000 198.370000 1.31863
288.420000 202.820000 -0.509409
223.840000 203.600000 0.554587
267.620000 205.600000 0.725439
105.800000 208.070000 -0.115906
202.050000 210.570000 0.161127
54.610000 211.920000 1.34079
122.720000 219.290000 0.515161
180.580000 225.880000 -0.0702539
96.170000 226.160000 -1.79349
336.570000 233.590000 0.301516
260.710000 233.840000 0.10044
110.690000 235.850000 -0.328559
313.150000 237.710000 0.0406749
7.460000 238.970000 1.07206
368.650000 240.430000 1.16367
192.050000 242.900000 0.0679584
66.960000 243.180000 0.222596
147.340000 247.580000 0.26949
208.450000 251.110000 0.324257
326.780000 255.890000 -0.732386
289.770000 259.210000 -0.0312771
219.060000 260.260000 -0.143617
206.000000 263.030000 0.0784973
110.920000 267.870000 0.0591029
73.770000 268.210000 -0.00338829
188.540000 276.300000 -0.248194
295.670000 277.780000 -0.0807847
29.110000 278.300000 0.544293
270.840000 281.600000 0.229866
157.240000 282.300000 -0.0250699
236.170000 282.390000 0.19325
248.940000 282.870000 -0.382484
64.350000 286.240000 0.0632807
335.690000 287.360000 1.18657
199.700000 288.970000 0.0357803
113.970000 289.580000 0.0426767
318.810000 289.590000 -0.558667
272.570000 294.060000 -0.179894
129.830000 302.370000 -0.152374
286.230000 305.120000 -0.136042
114.230000 313.150000 -0.207409
140.220000 314.130000 -0.546254
80.050000 315.920000 0.00569429
383.710000 323.270000 -0.381226
65.460000 325.940000 0.0466339
348.650000 326.730000 -0.209121
20.310000 328.120000 0.19
273.680000 329.990000 -0.333196
110.350000 331.240000 -0.25618
215.560000 333.210000 0.175581
49.280000 336.510000 0.0865216
176.660000 338.310000 -0.220357
161.800000 340.840000 -0.193686
61.340000 349.370000 -0.0555913
126.880000 350.450000 0.164459
241.690000 353.540000 0.42632
189.820000 355.240000 -0.0860749
354.770000 357.280000 -0.0205096
425.800000 357.660000 -0.326534
399.660000 359.700000 1.12514
9.470000 363.150000 0.165794
136.500000 365.390000 1.08598
181.890000 367.430000 -0.200544
102.860000 374.060000 -0.369873
395.990000 386.050000 0.180316
28.680000 386.850000 -0.303541
163.490000 390.040000 0.00571357
123.910000 396.310000 0.339427
360.730000 398.250000 0.239367
101.820000 398.560000 0.319119
148.530000 400.030000 0.00495657
164.430000 406.170000 -0.113877
22.890000 408.840000 -0.0237511
377.630000 410.780000 0.395011
133.050000 413.790000 0.120521
95.630000 414.250000 0.194364
177.340000 416.930000 0.326586
119.020000 418.610000 0.154661
192.560000 419.170000 -0.198607
429.570000 422.310000 0.84916
305.860000 424.780000 -0.956506
214.810000 425.220000 0.309697
316.000000 429.740000 0.16374
97.380000 429.930000 -0.0537009
242.750000 430.320000 -0.312871
62.910000 430.780000 -0.0466924
332.990000 431.380000 0.291106
143.880000 432.910000 0.108186
383.760000 437.640000 0.355084
412.430000 437.720000 -0.281549
294.070000 440.770000 1.69157
266.960000 441.410000 0.51433
