696.013000 798.321000 -0.426908
1003.330000 341.743000 1.537520
397.712000 60.557100 -0.254612
633.101000 42.399300 0.418064
358.527000 414.001000 1.907253
525.284000 237.228000 0.400348
45.655200 380.319000 0.978313
108.271000 867.711000 0.205280
1172.010000 1057.700000 0.844441
425.838000 281.159000 0.883159
551.451000 347.199000 -0.039533
960.946000 958.969000 1.077917
238.610000 907.982000 0.292215
575.404000 305.811000 1.473661
1004.750000 1083.580000 0.923660
1238.070000 410.762000 1.076034
591.904000 951.395000 -0.228387
752.505000 989.616000 0.942336
1011.950000 95.605500 1.021387
1032.020000 80.478500 0.971378
509.606000 267.300000 0.183123
317.706000 555.261000 0.533592
647.619000 425.977000 -0.600734
132.973000 529.633000 -0.261493
193.675000 558.811000 0.022221
810.792000 745.126000 0.450939
906.010000 481.738000 0.318601
414.095000 1144.620000 0.157959
99.720100 989.499000 -0.143445
160.431000 1104.470000 0.324663
783.082000 108.497000 0.141307
225.231000 84.986300 0.419377
1059.890000 977.736000 -0.126927
1074.600000 781.844000 0.899089
1073.340000 816.618000 0.839871
862.323000 292.947000 -0.151842
1083.920000 1180.030000 0.299436
848.209000 441.537000 -0.156388
316.006000 981.181000 1.074865
971.170000 509.681000 0.103676
249.992000 491.962000 -0.288143
1254.810000 1156.000000 0.042292
973.700000 378.902000 -0.764188
78.401100 1171.050000 1.035460
887.889000 861.483000 -0.487221
1279.550000 1113.120000 1.167802
946.469000 1049.440000 0.117854
541.287000 584.197000 -0.691577
257.690000 113.610000 1.082319
877.144000 51.608400 0.083668
3.638620 435.353000 0.279801
493.146000 319.645000 1.328612
126.534000 174.316000 0.669061
829.326000 376.526000 0.677064
666.278000 794.133000 0.096966
242.528000 349.978000 1.710437
1173.040000 1253.150000 0.139673
133.398000 1251.440000 0.402219
1134.200000 1021.290000 1.660606
822.920000 1123.750000 0.963177
844.408000 479.389000 0.739420
883.195000 355.263000 -0.137359
1210.460000 134.482000 1.438595
939.460000 178.151000 -0.377806
248.092000 526.604000 -0.238270
229.759000 251.730000 1.297052
961.956000 722.905000 0.483529
571.375000 1088.490000 0.055808
897.221000 110.700000 -0.859336
175.017000 273.499000 -0.442251
904.834000 417.545000 1.443541
623.477000 787.869000 -0.167179
380.695000 756.876000 0.574955
749.305000 224.898000 0.435007
488.163000 282.225000 0.922070
58.651300 42.570800 0.118391
761.614000 941.847000 0.577295
397.834000 682.075000 0.040644
1076.330000 47.293800 0.426814
860.226000 34.420200 -0.277212
286.150000 245.854000 0.147315
522.891000 857.525000 -0.293385
44.344600 130.112000 0.061739
968.226000 219.361000 -0.180077
403.611000 583.059000 -0.613916
636.906000 1027.090000 0.185081
80.928200 1017.600000 -0.415575
493.964000 830.234000 0.523756
1242.500000 982.127000 0.607488
1112.460000 11.151300 1.312640
1024.700000 584.073000 -0.469349
952.998000 132.532000 0.357175
1266.150000 739.327000 0.156093
179.825000 836.373000 -0.062514
773.747000 753.723000 0.991978
636.359000 1059.900000 -0.043597
999.577000 1159.250000 1.231343
1289.360000 305.648000 -0.524493
1263.280000 402.971000 0.999510
888.707000 610.189000 1.349232
140.059000 969.635000 0.025228
337.791000 634.023000 0.226394
509.869000 290.291000 1.252758
326.149000 332.328000 1.626070
301.442000 60.847000 -0.365343
916.400000 1254.440000 0.211823
193.379000 892.547000 -0.248329
703.767000 373.204000 0.274204
438.921000 187.513000 1.251622
1126.930000 1075.280000 1.168391
1247.410000 836.504000 1.003909
944.528000 584.833000 -0.566984
890.481000 563.709000 -0.157690
56.859800 489.188000 0.088860
1173.900000 196.919000 0.287061
168.823000 221.690000 -0.729404
830.941000 678.692000 0.273941
511.981000 1157.090000 -0.123782
1011.020000 813.423000 0.798752
1217.940000 637.420000 -0.133647
239.967000 191.630000 0.199271
494.520000 678.888000 0.328754
379.143000 331.447000 1.247057
464.167000 336.553000 0.413631
1167.950000 118.695000 1.301742
921.386000 468.378000 0.239036
1062.580000 521.867000 1.354294
1032.090000 1119.440000 0.571133
1011.050000 915.986000 0.702577
26.362100 1179.880000 0.398434
1137.680000 857.304000 -0.018812
568.569000 359.656000 -0.252024
724.394000 289.588000 -0.381320
1173.080000 652.332000 -0.729115
927.008000 660.942000 1.357423
773.649000 1166.970000 -0.703528
852.572000 1268.170000 0.482708
555.863000 1231.710000 0.136005
309.616000 1020.030000 0.581167
278.268000 187.568000 0.695179
1138.720000 1199.650000 0.257588
655.946000 911.308000 0.572266
431.521000 398.034000 0.168191
740.751000 152.576000 0.168772
24.019500 767.113000 0.658877
42.452800 1161.700000 1.455251
334.417000 611.022000 0.441655
231.352000 1058.810000 -0.090774
421.143000 537.618000 -0.646992
775.373000 1194.790000 -0.726557
414.593000 337.945000 -0.160413
1172.960000 970.456000 0.518869
700.485000 557.928000 0.586805
380.146000 549.210000 0.087419
467.582000 1036.090000 0.999890
170.517000 899.103000 -0.095412
144.125000 911.269000 1.306828
1051.680000 168.145000 0.388123
388.382000 1094.130000 1.475722
39.840100 722.799000 0.040997
491.610000 25.763800 -0.216572
385.623000 912.753000 -0.543091
563.382000 1161.000000 0.775930
817.545000 977.975000 0.411386
208.940000 700.506000 -0.272660
658.431000 488.599000 0.172468
893.083000 68.916700 0.707859
1046.530000 1273.230000 1.189400
618.126000 224.109000 1.280361
1019.320000 788.644000 -0.710974
1123.210000 1163.450000 -0.058658
409.912000 884.891000 1.606939
41.590400 798.294000 0.824385
689.022000 81.430500 1.104448
231.093000 1104.180000 -0.174879
352.622000 722.702000 -0.450963
1129.940000 738.245000 0.552673
609.240000 1163.000000 1.600042
91.297200 818.180000 -0.483255
573.506000 749.729000 0.922127
16.779800 176.589000 0.572539
818.645000 1063.310000 0.357884
159.817000 146.772000 -0.495076
1287.420000 1179.140000 0.177452
935.415000 1120.630000 1.424854
1052.580000 55.327800 1.490795
715.519000 1094.170000 1.079034
853.622000 114.541000 0.772245
1175.600000 1084.710000 0.861139
1218.720000 238.226000 0.540175
517.417000 1058.660000 1.820751
976.471000 862.873000 1.686863
171.978000 295.711000 0.961898
735.873000 263.275000 0.567685
1013.000000 1130.670000 0.098250
903.978000 355.784000 0.742466
688.421000 901.394000 0.756801
732.022000 7.504590 0.793075
389.164000 157.540000 0.952968
1101.680000 1242.790000 0.078207
272.081000 987.282000 1.095134
1037.500000 200.798000 -0.121022
1225.510000 264.918000 -0.292106
1259.450000 911.978000 -0.048600
1127.790000 141.432000 1.012513
1207.690000 573.663000 0.529124
404.708000 1031.580000 0.512641
593.042000 127.712000 0.544293
872.251000 789.009000 -0.183021
1144.790000 67.781900 1.057381
97.623000 99.714500 -0.502594
401.618000 829.645000 1.410134
107.219000 790.782000 0.381252
987.185000 1208.900000 0.008682
743.568000 1259.270000 -0.412413
755.987000 139.518000 -0.138456
463.665000 593.778000 -0.487807
280.951000 381.354000 1.678549
1167.440000 685.658000 0.633167
122.935000 470.483000 0.421170
1259.490000 192.731000 0.227346
191.415000 1114.280000 0.446648
260.513000 289.038000 1.161214
1214.000000 662.131000 1.242062
1118.680000 31.218000 0.049713
162.914000 815.868000 1.206283
1240.110000 906.482000 0.971181
785.133000 856.294000 0.824864
107.552000 955.197000 0.976421
407.980000 863.539000 0.895428
1094.720000 871.645000 -0.111826
167.317000 85.665900 0.090273
1253.000000 44.758600 0.836142
771.324000 85.933700 0.589453
1081.120000 484.733000 1.053418
487.426000 1272.540000 -0.151345
309.018000 747.939000 0.300647
120.070000 100.256000 -0.376503
916.124000 214.350000 1.430286
1189.470000 411.257000 -0.042652
1070.640000 7.017330 0.674102
76.454500 188.624000 -0.065956
870.556000 1171.170000 -0.603590
1060.270000 1037.870000 0.889556
1256.840000 1023.270000 -0.057274
1082.630000 738.160000 -0.018125
1109.200000 307.874000 -0.058524
1032.850000 900.321000 0.433079
792.607000 230.280000 -0.346376
882.856000 1101.620000 -0.408037
978.218000 1154.430000 -0.115239
44.641600 1098.290000 0.864115
1254.690000 308.876000 1.015496
91.271900 880.810000 0.955693
523.226000 1280.740000 0.112053
1287.750000 78.522000 1.088708
492.493000 868.311000 0.188528
1249.690000 262.762000 0.096351
616.185000 1216.530000 0.913571
1286.030000 408.817000 -0.790143
664.687000 1105.230000 1.045100
716.691000 407.542000 1.833691
715.552000 219.298000 0.318994
637.821000 308.408000 -0.122009
30.923300 326.040000 0.410789
134.328000 137.524000 -0.612175
384.441000 225.600000 0.718177
216.337000 1020.400000 0.589189
1211.540000 214.092000 0.026618
1098.920000 414.030000 1.160183
1082.400000 1058.620000 1.575464
676.791000 408.589000 1.650440
985.143000 672.820000 1.094227
817.406000 359.830000 -0.028126
488.051000 244.097000 1.804126
463.396000 115.193000 0.403470
222.011000 494.319000 -0.060093
569.884000 575.561000 -0.258970
532.374000 954.325000 0.500544
801.161000 260.708000 0.563325
571.992000 1017.500000 0.294412
1281.110000 493.529000 0.382590
1231.590000 1090.030000 1.490507
907.559000 1023.990000 1.376736
142.583000 553.794000 0.378100
913.624000 165.221000 0.613583
1204.090000 390.996000 1.446703
78.823600 377.482000 0.577178
871.800000 947.422000 0.701924
695.684000 151.684000 0.366166
232.983000 1228.060000 0.785584
1106.010000 1034.140000 0.708040
198.765000 388.002000 0.217597
761.642000 189.876000 0.107640
881.531000 703.233000 1.621716
437.227000 848.561000 1.656038
793.439000 579.810000 0.510761
249.799000 1025.980000 0.375376
635.830000 163.885000 0.245073
126.974000 714.654000 0.537379
541.367000 633.164000 -0.462566
1015.490000 123.167000 0.790399
290.586000 421.172000 0.244875
274.852000 523.569000 1.589491
359.229000 90.861000 0.740795
267.714000 557.995000 0.046012
747.870000 70.393600 -0.333330
442.589000 737.781000 0.743901
569.483000 879.816000 0.811302
169.626000 408.695000 0.160959
543.531000 419.425000 0.335783
144.674000 1179.360000 1.165565
583.311000 271.648000 -0.445361
604.015000 1124.680000 -0.190940
904.812000 329.503000 1.498139
1247.840000 1195.400000 -0.070629
428.967000 1109.900000 0.462019
323.557000 696.681000 1.012228
377.899000 802.420000 -0.499435
872.814000 878.626000 -0.817527
573.550000 152.297000 -0.568592
468.442000 869.891000 -0.705176
225.219000 638.068000 0.907666
1278.590000 768.750000 0.629425
1057.490000 133.260000 0.390259
658.111000 350.804000 0.597022
404.908000 1262.130000 0.295958
185.482000 19.719700 0.905651
301.629000 143.326000 -0.075375
1215.120000 1052.300000 -0.444813
376.023000 354.085000 -0.546040
1050.770000 1250.110000 0.503513
212.000000 196.803000 0.365476
1085.880000 1084.810000 0.699219
1075.430000 369.425000 0.143891
1239.320000 172.329000 0.114639
891.939000 1227.900000 -0.260879
71.162400 309.190000 -0.198020
1010.240000 476.070000 0.916045
281.316000 1195.720000 0.553016
495.790000 582.945000 0.979999
49.044900 420.908000 0.388460
774.993000 1217.460000 0.725086
1124.650000 535.759000 1.516154
1177.560000 46.647600 0.082887
732.561000 973.438000 0.283910
52.863400 1078.570000 -0.530607
771.861000 2.179740 0.585259
1250.900000 373.799000 -0.682244
1033.230000 11.244700 -0.033834
1211.170000 753.469000 0.759655
487.315000 202.486000 -0.243652
659.188000 983.105000 0.277873
785.431000 708.232000 0.981883
114.013000 1130.680000 1.414947
1133.300000 889.005000 0.668265
134.764000 945.698000 1.263260
1014.600000 867.326000 1.055674
629.135000 856.057000 1.295695
95.315600 681.999000 1.255598
684.179000 605.529000 0.278812
1240.980000 624.261000 0.054929
217.510000 984.208000 -0.198519
635.506000 138.680000 -0.344027
447.677000 1122.820000 -0.269654
341.166000 1106.860000 -0.058297
525.097000 929.939000 -0.175585
528.944000 735.412000 0.490381
46.344600 663.708000 0.758053
391.109000 1060.940000 -0.275815
626.997000 336.350000 -0.937653
1203.530000 1096.420000 0.709090
587.154000 1154.500000 -0.001988
430.683000 804.664000 0.779561
848.709000 1066.190000 0.276720
943.344000 6.386160 1.093632
899.010000 1284.510000 0.380277
1121.110000 348.347000 0.746113
64.874600 798.385000 -0.279503
716.744000 593.819000 -0.605100
243.797000 763.089000 0.718447
534.029000 208.561000 -0.515718
365.151000 1161.030000 0.133313
544.911000 777.395000 0.003296
1142.650000 458.436000 0.211016
583.817000 439.805000 -0.427988
790.690000 897.813000 0.680941
892.323000 1001.280000 1.198727
824.636000 723.431000 0.296920
59.631300 889.510000 -0.720690
193.329000 475.613000 -0.184581
249.465000 160.856000 -0.440170
1110.520000 783.494000 0.334974
369.417000 185.669000 -0.383100
82.764000 256.881000 0.232988
946.974000 405.702000 1.072731
287.349000 772.071000 0.543745
509.255000 175.382000 0.057403
1176.670000 706.407000 -0.398767
835.010000 1236.300000 0.264010
305.917000 1066.830000 0.761962
722.673000 499.246000 -0.346487
252.438000 972.138000 1.037288
660.103000 72.956800 1.793791
258.626000 1120.150000 0.450082
653.847000 1221.690000 1.317619
337.320000 736.612000 0.948781
188.571000 1284.290000 1.620200
1142.310000 169.953000 0.083225
895.736000 139.662000 1.799111
942.024000 114.991000 0.918396
315.045000 823.795000 -0.207640
838.406000 870.681000 1.158592
1045.370000 1090.840000 0.042736
1163.800000 1018.450000 0.747706
848.600000 808.836000 0.382796
64.116800 1185.920000 0.647474
255.447000 252.688000 -0.505426
422.640000 785.949000 0.907583
247.423000 74.664700 -0.072180
898.460000 1127.510000 -0.214647
764.178000 1138.660000 0.723926
899.091000 912.186000 0.959462
394.782000 447.497000 1.131536
492.867000 150.148000 -0.668973
565.617000 122.141000 0.753792
254.568000 332.737000 0.229043
239.441000 318.685000 0.903381
602.648000 994.013000 1.820682
904.819000 850.071000 0.831176
122.539000 677.138000 1.223705
353.271000 886.717000 0.605634
525.801000 1252.360000 1.454749
409.859000 1001.770000 0.273153
1070.730000 658.199000 0.425285
757.457000 346.347000 0.905711
574.329000 16.392700 0.594046
511.280000 634.966000 1.372121
338.980000 536.674000 0.468124
674.000000 117.658000 -0.331915
1052.430000 796.539000 1.038138
393.256000 30.596100 -0.613481
78.067300 902.159000 0.471151
951.179000 487.926000 1.209469
613.929000 731.910000 0.461982
1078.260000 636.466000 1.290803
322.979000 855.209000 -0.393253
871.602000 444.968000 -0.891372
410.294000 92.882500 0.824342
97.350000 1041.370000 1.521501
456.964000 490.606000 0.053850
102.764000 733.143000 -0.402774
1022.960000 716.694000 1.231763
175.052000 879.082000 0.569233
798.080000 1253.310000 1.691384
818.519000 606.923000 1.726680
1051.890000 1138.660000 1.307815
970.740000 469.636000 0.923229
810.895000 1097.980000 0.480760
968.680000 1267.860000 1.141456
512.891000 401.346000 -0.195268
193.786000 245.848000 -0.297227
1118.040000 368.839000 0.828524
1124.930000 626.120000 -0.710548
332.148000 60.478700 0.979365
457.179000 1150.670000 1.144596
667.401000 1185.550000 0.243606
260.788000 429.292000 0.593620
1034.210000 753.791000 0.556646
1163.610000 951.858000 1.669237
879.170000 915.553000 0.320005
893.412000 980.789000 0.614780
18.493400 116.303000 0.891246
92.135100 212.280000 0.836721
362.151000 1210.170000 -0.162156
581.118000 197.082000 0.551408
546.295000 913.267000 0.143418
257.561000 1003.470000 0.457405
773.933000 924.962000 0.671337
64.254000 643.230000 -0.013912
498.512000 45.371700 0.963406
997.229000 382.909000 0.725188
1246.350000 586.399000 0.562719
8.461450 638.557000 0.224616
329.346000 1162.740000 0.274998
1018.180000 421.481000 0.321521
341.656000 666.141000 -0.188566
287.410000 887.951000 -0.371305
289.407000 544.970000 1.309749
601.425000 1063.340000 0.294845
289.558000 1131.930000 -0.257623
388.692000 1286.790000 0.106813
583.187000 233.296000 1.014175
983.599000 437.436000 0.508869
953.674000 786.083000 -0.580449
496.054000 985.459000 1.013538
1124.090000 675.986000 -0.299939
1195.900000 642.152000 0.657173
920.172000 759.579000 1.600168
1206.520000 826.339000 -0.751511
102.461000 499.704000 0.374423
937.140000 904.804000 -0.043614
478.150000 263.432000 0.838810
352.520000 141.824000 0.471559
92.908200 143.549000 -0.206893
184.612000 588.962000 1.752085
642.333000 1179.460000 0.039967
835.533000 504.922000 1.467153
1057.960000 1188.050000 0.162310
646.747000 817.472000 0.711304
21.915200 739.655000 0.940939
225.229000 13.565800 1.153176
544.939000 886.083000 0.431352
908.687000 1049.430000 -0.472369
1164.910000 217.758000 0.377791
592.125000 1105.980000 0.736940
629.726000 277.645000 0.865785
694.194000 656.498000 0.189226
1072.170000 239.727000 -0.638187
1161.420000 840.128000 0.170948
367.600000 159.695000 1.459617
366.222000 6.438580 0.138603
838.649000 591.450000 0.314828
20.004400 93.588700 1.542830
187.534000 928.691000 0.640100
1143.020000 1103.200000 0.723957
72.229600 718.443000 0.510837
1053.120000 275.926000 1.362858
95.632700 457.311000 0.400265
932.424000 1167.800000 0.152681
717.932000 834.817000 1.570096
994.511000 1289.830000 -0.262748
1124.150000 70.732900 1.109068
6.270700 672.803000 0.472715
662.183000 26.275100 1.228346
954.966000 619.409000 0.890384
662.915000 1027.200000 0.209284
974.333000 984.052000 1.271887
996.765000 737.450000 -0.158330
1259.980000 1092.400000 1.351773
1194.760000 902.402000 1.008174
970.201000 601.798000 -0.249195
146.615000 448.257000 1.480972
193.665000 1141.130000 0.409107
448.089000 27.818700 0.286078
1211.860000 454.360000 -0.085479
480.635000 177.012000 0.134998
796.422000 806.674000 1.217947
695.452000 857.130000 1.098472
304.580000 508.304000 0.984594
120.707000 1174.820000 -0.585843
811.138000 536.953000 0.594606
282.949000 957.753000 0.650444
808.878000 143.299000 0.715598
504.434000 730.737000 0.090929
597.658000 1205.050000 -0.655361
24.779400 1078.290000 0.466255
92.067300 168.539000 0.620938
1223.890000 888.489000 -0.328224
975.213000 1106.690000 0.858702
442.763000 380.665000 -0.226380
782.882000 978.402000 1.310314
1187.740000 320.100000 1.618898
857.053000 1155.260000 0.877511
341.878000 1185.510000 0.799601
626.249000 3.220190 0.902607
761.366000 651.028000 0.784862
1081.510000 853.434000 1.026600
819.567000 1015.410000 0.199477
832.100000 894.686000 1.641888
885.445000 215.923000 1.415218
585.776000 378.327000 0.206674
1194.320000 785.169000 1.405992
75.824600 1092.070000 0.954459
1105.270000 948.138000 0.652316
813.401000 887.580000 -0.243869
1224.590000 1155.280000 0.867612
783.092000 630.148000 0.833921
711.591000 119.340000 0.994870
770.368000 424.881000 -0.042364
1036.390000 299.935000 -0.617842
150.290000 198.314000 -0.593724
778.487000 1102.640000 1.567332
512.449000 125.651000 1.069823
371.537000 35.850400 1.139458
1013.230000 306.123000 -0.332344
1191.130000 506.323000 1.368157
740.381000 1210.680000 -0.397801
547.199000 543.381000 -0.715322
320.839000 455.512000 1.105503
932.156000 1099.330000 1.472600
268.149000 816.100000 0.020117
8.503850 886.852000 1.470242
1211.940000 1021.740000 1.102562
238.058000 839.246000 -0.076675
1118.880000 1231.460000 0.288775
969.752000 533.405000 0.951813
483.531000 85.718000 0.716023
98.214200 1223.910000 0.267199
1100.930000 119.449000 -0.779614
136.564000 79.074200 0.370947
935.550000 800.201000 1.740680
686.287000 1260.430000 0.416476
1047.720000 608.224000 0.781398
992.166000 950.691000 0.681335
431.291000 1230.220000 0.049629
803.945000 328.821000 1.548934
808.541000 483.698000 -0.438695
862.226000 2.072220 1.880692
569.415000 960.440000 1.522136
315.854000 413.278000 0.522581
532.727000 1039.610000 0.721215
549.816000 167.780000 0.992554
339.141000 1236.100000 0.103396
554.328000 1130.380000 1.366668
586.307000 81.237000 1.116800
83.309200 347.659000 0.771941
923.473000 144.827000 0.785856
286.139000 477.459000 0.736078
645.240000 192.717000 1.061785
782.058000 783.451000 -0.099698
1032.000000 404.429000 1.210774
304.609000 304.700000 0.124679
988.975000 890.916000 -0.618849
1049.450000 469.246000 1.279649
1114.880000 878.421000 0.043005
488.540000 748.352000 -0.332183
1284.880000 4.853820 0.302566
482.313000 449.986000 -0.226589
1116.970000 1127.550000 -0.007361
642.703000 609.028000 0.510944
621.003000 932.278000 1.155067
655.413000 1244.830000 0.702588
702.116000 58.235400 0.990919
825.455000 644.374000 -0.017277
267.299000 650.333000 1.428694
108.685000 1256.040000 1.078763
386.950000 103.561000 -0.425674
820.574000 911.767000 -0.007188
583.403000 1225.860000 0.982539
111.739000 1285.520000 -0.841698
1284.090000 996.665000 1.483665
816.710000 288.567000 -0.720190
549.879000 1203.660000 1.147074
392.128000 520.776000 0.886668
897.021000 776.705000 1.708470
973.987000 1040.370000 0.282354
536.417000 518.825000 -0.593657
704.811000 463.114000 0.442406
398.972000 1194.210000 0.018505
900.878000 1077.310000 -0.531872
1212.610000 1251.920000 0.357691
1138.180000 102.494000 0.232715
545.752000 664.888000 0.577098
578.548000 783.188000 0.740824
326.407000 185.569000 -0.465000
269.893000 10.393600 0.663068
1275.140000 472.353000 1.385895
44.774600 1229.570000 -0.100181
1189.990000 443.746000 0.450940
836.811000 744.663000 0.403627
971.033000 759.424000 0.477821
194.099000 1252.980000 -0.363249
746.165000 94.369400 1.111653
958.216000 1016.060000 0.480562
984.201000 89.906700 0.618731
163.177000 1272.940000 0.565877
160.088000 6.961900 0.557600
1166.670000 996.899000 1.196352
751.625000 847.703000 1.558688
130.537000 571.013000 -0.447637
53.660300 747.383000 1.354654
616.029000 167.643000 1.055711
187.539000 692.535000 -0.157755
348.812000 1149.110000 1.480349
865.448000 1079.320000 -0.277824
1086.280000 291.372000 -0.501205
732.435000 547.902000 0.764283
695.599000 738.015000 0.125626
835.647000 1188.570000 0.941201
46.683100 1023.190000 1.788982
827.256000 457.740000 0.565818
6.556460 1241.960000 0.300874
193.276000 1092.830000 0.028140
318.394000 781.469000 1.189455
623.489000 1115.400000 1.036320
14.325100 362.296000 0.583629
456.503000 977.774000 -0.148424
665.506000 1283.760000 1.445786
145.514000 672.062000 0.517952
1235.720000 338.790000 -0.683705
1264.500000 825.633000 -0.147982
602.477000 599.847000 0.000104
300.441000 1225.970000 -0.062020
425.242000 1030.130000 -0.020813
14.600400 1101.300000 1.480665
1240.740000 1289.030000 1.552486
75.322500 407.248000 -0.455690
401.007000 1122.320000 0.016542
122.891000 346.725000 0.769166
535.773000 145.609000 1.111211
133.419000 817.227000 0.560109
671.862000 552.316000 1.092404
227.712000 133.510000 1.201059
1050.570000 711.040000 1.390781
1118.290000 1107.090000 0.629922
939.403000 699.610000 0.907408
1256.120000 140.816000 -0.066607
876.712000 766.093000 -0.602867
885.721000 258.574000 -0.943139
28.409300 590.869000 0.874594
171.429000 1172.750000 1.227387
14.006000 286.103000 0.607499
1251.380000 698.713000 1.159771
808.157000 687.410000 0.277871
318.109000 1133.250000 -0.157037
923.269000 1203.830000 1.217167
317.852000 943.613000 0.856370
865.342000 670.616000 0.688459
1087.900000 987.336000 0.659200
958.378000 91.355400 0.401997
620.092000 476.535000 0.966292
778.765000 876.628000 -0.474310
633.711000 1096.870000 0.402100
578.557000 1272.360000 0.960804
180.384000 64.792800 0.462650
766.022000 371.297000 0.874264
1179.280000 486.726000 1.540011
1090.310000 323.660000 0.073081
1014.710000 960.138000 0.922755
950.449000 1229.550000 1.258706
72.950400 1229.040000 0.195905
851.347000 374.721000 0.515108
558.575000 283.575000 0.417473
480.214000 358.880000 1.395239
720.786000 860.278000 -0.084433
461.423000 1219.640000 0.069719
423.321000 702.597000 1.436508
372.735000 826.221000 -0.141957
834.378000 956.871000 -0.508461
631.700000 457.261000 0.387276
726.030000 466.467000 0.757693
1199.890000 1206.240000 -0.295423
1096.170000 256.134000 0.040784
185.769000 510.728000 0.899896
658.759000 52.928700 -0.012339
1274.750000 665.181000 -0.116252
332.052000 256.282000 0.150329
769.586000 817.515000 1.867224
1147.800000 304.933000 1.546674
44.643500 953.975000 -0.200960
1195.370000 11.537100 0.271350
954.693000 1180.120000 0.580486
676.718000 1139.520000 -0.656560
709.255000 1008.770000 1.663635
946.737000 42.238700 0.555899
923.876000 51.963700 0.812906
355.083000 941.165000 0.573805
80.960100 1124.670000 0.095910
436.071000 62.875600 0.942666
1240.290000 662.255000 0.496560
517.970000 61.914700 -0.592599
113.878000 131.875000 1.138571
74.282100 128.256000 1.011667
1274.850000 27.281200 0.845025
814.663000 1225.140000 1.508528
689.536000 1219.840000 0.961373
1281.230000 1207.510000 0.914744
69.352400 105.634000 0.828141
221.438000 360.602000 -0.155528
732.811000 878.225000 1.400705
1141.660000 405.500000 0.258334
289.584000 1261.050000 -0.400159
98.480900 274.432000 1.131311
1288.330000 913.144000 0.288966
842.985000 200.799000 0.535327
605.369000 834.741000 0.093678
290.362000 674.721000 1.147801
940.375000 511.800000 -0.314344
1035.320000 224.970000 0.016318
516.278000 478.134000 0.760501
231.915000 1134.650000 -0.496145
503.717000 1189.400000 0.289603
1020.010000 355.374000 -0.666754
304.902000 916.772000 -0.152125
274.097000 85.324500 0.000156
791.448000 19.419400 -0.102070
310.295000 17.725900 0.714509
790.202000 729.468000 -0.447723
628.871000 988.149000 1.004925
614.921000 684.892000 0.629272
238.260000 212.738000 0.053736
1098.880000 1156.190000 0.411524
756.404000 884.951000 0.797055
683.772000 483.334000 0.083163
86.751200 547.186000 0.223521
1232.080000 433.706000 0.316483
250.884000 723.292000 0.028626
917.244000 1146.550000 1.147389
741.500000 508.445000 0.169123
285.001000 616.098000 -0.124839
568.652000 675.915000 0.577251
943.920000 989.114000 0.467090
1223.840000 925.340000 0.616930
932.576000 443.273000 0.699945
575.669000 924.720000 0.762300
928.306000 262.897000 1.026498
586.738000 691.756000 0.843041
954.171000 554.634000 0.943840
156.735000 596.747000 -0.297919
231.467000 611.767000 -0.177813
586.724000 542.102000 -0.315401
1169.550000 140.159000 0.215365
422.627000 14.049800 0.170796
4.207910 863.685000 0.033341
917.968000 190.988000 1.068990
27.133800 226.703000 -0.824441
38.374400 613.301000 -0.027353
79.448000 992.545000 0.751686
1072.860000 77.157100 -0.248793
405.469000 205.489000 -0.066678
1073.710000 270.630000 -0.561196
1231.840000 72.388400 0.822702
263.377000 858.105000 1.374460
903.811000 1164.260000 1.199084
110.438000 300.701000 0.902523
367.589000 1079.020000 -0.352094
831.460000 565.198000 -0.427461
66.862000 1043.550000 0.913264
502.677000 532.021000 1.820001
613.361000 766.054000 -0.215662
1094.910000 1012.990000 0.839281
340.603000 447.264000 0.396824
1180.830000 829.375000 1.224759
746.096000 472.341000 0.307786
621.239000 882.075000 0.108067
922.707000 282.873000 1.020102
232.408000 378.804000 -0.643395
448.261000 703.609000 -0.066549
1153.950000 347.722000 -0.065622
1242.680000 1138.530000 0.069231
641.413000 573.919000 -0.182987
730.601000 1232.460000 -0.325371
700.105000 1029.500000 1.321524
286.916000 332.813000 0.992154
22.372700 519.324000 -0.255360
711.616000 777.587000 0.319652
1261.440000 609.765000 1.149177
425.031000 899.028000 0.712300
33.552500 703.757000 1.132998
646.212000 729.111000 0.903127
1102.000000 804.043000 1.664001
568.504000 803.158000 -0.417767
122.924000 776.511000 -0.272539
148.976000 246.592000 1.086730
1065.500000 105.726000 0.824425
15.157300 465.171000 1.746095
541.596000 498.508000 0.733736
1229.320000 1187.810000 -0.610150
1260.310000 454.745000 0.598600
1258.790000 1114.630000 1.517330
504.110000 611.566000 0.188268
1008.110000 1045.710000 0.419889
1130.850000 913.826000 1.341292
696.138000 181.225000 -0.556832
1118.110000 283.281000 0.768587
60.425800 169.816000 1.053091
660.498000 259.334000 1.461744
327.471000 1256.910000 1.089634
802.276000 831.581000 0.984462
578.472000 520.388000 1.432446
587.288000 398.546000 -0.805104
1154.630000 368.674000 0.830059
987.150000 560.767000 0.075075
873.592000 733.279000 0.480990
679.441000 344.709000 0.811657
408.347000 739.867000 0.797325
514.526000 556.359000 -0.199152
1141.930000 327.969000 -0.009362
1044.860000 962.839000 -0.428212
57.038900 458.857000 -0.050542
1232.260000 736.480000 -0.127297
906.971000 587.415000 0.396806
25.953600 1055.050000 -0.437283
760.634000 296.073000 -0.350607
195.450000 318.991000 1.348163
384.487000 407.932000 -0.612858
682.677000 876.217000 -0.705688
454.354000 423.061000 1.051495
587.306000 102.182000 -0.210386
1285.100000 1063.720000 0.863218
790.029000 354.632000 0.629261
997.007000 206.543000 0.962621
723.060000 524.478000 -0.662587
107.122000 1018.220000 -0.435719
358.298000 789.799000 1.399064
734.520000 1058.800000 1.089642
908.485000 394.521000 0.661112
1275.730000 95.773300 0.885327
261.272000 587.653000 0.226853
230.480000 467.270000 0.673268
864.642000 1227.490000 0.317774
673.813000 297.702000 0.407871
461.966000 160.351000 0.479814
1123.590000 569.087000 0.419145
261.813000 673.257000 -0.110698
686.950000 1170.300000 -0.673025
957.983000 265.664000 -0.720379
1259.300000 635.224000 0.964933
137.265000 486.307000 0.317613
1168.320000 535.233000 -0.138371
1028.250000 249.537000 0.724939
750.610000 0.063226 0.187570
820.237000 1146.430000 0.125394
1070.900000 757.546000 1.282331
84.109800 508.884000 0.877308
262.851000 1186.600000 0.493233
859.200000 400.116000 1.639144
824.868000 13.052900 1.535170
331.858000 285.478000 -0.413844
433.039000 1183.480000 -0.542541
1039.910000 446.128000 0.039684
720.823000 1133.690000 1.186261
1196.760000 1269.120000 1.435670
962.917000 169.613000 -0.581888
749.336000 279.076000 0.812636
1288.210000 158.163000 0.865359
1156.740000 273.012000 1.485803
240.484000 691.608000 0.495944
286.065000 572.343000 -0.249314
977.086000 299.181000 -0.244225
536.995000 120.125000 1.167501
192.659000 1202.220000 1.068460
232.485000 931.174000 1.139712
173.292000 432.361000 0.675408
366.852000 922.628000 0.499030
1080.790000 578.176000 1.086669
1076.990000 125.977000 0.002354
1052.830000 1160.400000 0.743484
374.544000 642.878000 -0.162926
284.052000 700.454000 1.296145
1132.430000 795.228000 0.650429
429.365000 515.657000 1.537336
366.270000 566.075000 -0.459972
488.662000 129.104000 -0.231742
436.471000 557.208000 0.807414
412.012000 624.829000 0.415003
463.970000 1249.830000 1.600332
660.288000 657.099000 0.506543
449.192000 5.338820 -0.404458
111.574000 1088.140000 0.864291
313.797000 211.070000 0.973308
903.624000 680.067000 0.639938
659.493000 1059.460000 0.098479
1034.710000 1071.510000 0.432181
1031.340000 336.142000 1.439277
625.683000 496.695000 -0.115177
278.200000 1238.420000 0.297539
421.166000 1277.810000 0.594116
178.751000 989.840000 0.396062
376.042000 666.363000 1.048225
150.983000 399.430000 0.377995
134.279000 291.223000 0.595305
1104.670000 842.257000 0.116685
542.096000 379.617000 0.529462
980.283000 1059.670000 1.260095
361.026000 625.083000 1.606814
198.648000 737.068000 -0.338530
301.403000 860.014000 0.243389
853.145000 530.035000 0.402754
485.823000 1121.380000 0.494312
1147.250000 427.660000 -0.409733
1164.730000 406.755000 0.039054
924.020000 541.978000 1.467141
362.843000 506.867000 0.145023
553.774000 999.258000 0.820754
669.062000 768.315000 -0.089774
499.950000 1031.910000 1.573390
13.944500 989.780000 0.078625
1155.570000 502.557000 0.434550
126.341000 234.424000 -0.816949
1140.260000 943.459000 0.981931
1049.980000 564.452000 0.416118
225.327000 290.424000 0.821900
309.642000 90.896500 0.080410
550.415000 824.863000 -0.157835
6.751720 719.193000 -0.069542
205.782000 1175.710000 0.013177
264.475000 1255.770000 0.139671
450.161000 134.013000 0.595535
1015.930000 638.175000 1.441888
766.301000 521.905000 1.187332
313.327000 246.110000 0.767039
970.663000 27.309700 0.036172
983.643000 332.504000 0.318202
1155.190000 668.374000 0.573517
66.998600 228.812000 -0.683988
867.946000 833.300000 -0.072037
1152.840000 1244.560000 1.220519
430.345000 143.487000 0.593161
